year    psi^max [10^11 kg/s]    psi^max(800 hPa) [10^11 kg/s]   psi^max(775 hPa) [10^11 kg/s]   psi^max(750 hPa) [10^11 kg/s]   psi^max(700 hPa) [10^11 kg/s]   psi^max(650 hPa) [10^11 kg/s]   psi^max(600 hPa) [10^11 kg/s]   psi^max(550 hPa) [10^11 kg/s]   psi^max(500 hPa) [10^11 kg/s]   psi^max(450 hPa) [10^11 kg/s]   psi^max(400 hPa) [10^11 kg/s]   <psi^max>_p [10^11 kg/s]        psi(phi^max, p^max) [10^11 kg/s]        psi_NHC [10^11 kg/s]
1979    1.60697                 1.52959                         1.55981                         1.57609                         1.58303                         1.59381                         1.60697                         1.59768                         1.55768                         1.52262                         1.53217                         1.45778                         1.59756                                 0.56768             
1980    1.63501                 1.57719                         1.61324                         1.63168                         1.63501                         1.62340                         1.62630                         1.62279                         1.61171                         1.59490                         1.57055                         1.47007                         1.61352                                 0.61659             
1981    1.48764                 1.43354                         1.45240                         1.45575                         1.46227                         1.48453                         1.48764                         1.48584                         1.47171                         1.45517                         1.45662                         1.37343                         1.48764                                 0.60149             
1982    1.71673                 1.66272                         1.69875                         1.71653                         1.71673                         1.68094                         1.62855                         1.57928                         1.53374                         1.47692                         1.41657                         1.46380                         1.58104                                 0.59797             
1983    2.03523                 1.64305                         1.70929                         1.76662                         1.84564                         1.89398                         1.91311                         1.91688                         1.89388                         1.85735                         1.87312                         1.74786                         1.73723                                 0.72550             
1984    1.91683                 1.53942                         1.57926                         1.60437                         1.68050                         1.77051                         1.84119                         1.89501                         1.91683                         1.90740                         1.89711                         1.64507                         1.80614                                 0.66563             
1985    1.67213                 1.60317                         1.64993                         1.67213                         1.65834                         1.60110                         1.55328                         1.50102                         1.43804                         1.35175                         1.28688                         1.37382                         1.52084                                 0.60715             
1986    1.93162                 1.77653                         1.81918                         1.84665                         1.87015                         1.88707                         1.90594                         1.93162                         1.93078                         1.90492                         1.86604                         1.71580                         1.85638                                 0.65934             
1987    1.59223                 1.52221                         1.53696                         1.53736                         1.55771                         1.59180                         1.58422                         1.58469                         1.59223                         1.58360                         1.56423                         1.45231                         1.58422                                 0.56091             
1988    1.97597                 1.74841                         1.78473                         1.80260                         1.84639                         1.92106                         1.94591                         1.96734                         1.97597                         1.95961                         1.93298                         1.73092                         1.94023                                 0.70586             
1989    1.69540                 1.38625                         1.41823                         1.43440                         1.44349                         1.51721                         1.54910                         1.57999                         1.58043                         1.56747                         1.59491                         1.43594                         1.54910                                 0.59994             
1990    1.92402                 1.88885                         1.91626                         1.92402                         1.91150                         1.86075                         1.80176                         1.74041                         1.68786                         1.65241                         1.62717                         1.64285                         1.80176                                 0.67594             
1991    1.68219                 1.64268                         1.67196                         1.68219                         1.67106                         1.64966                         1.62544                         1.58193                         1.52590                         1.47873                         1.45489                         1.45442                         1.51463                                 0.55196             
1992    1.84766                 1.76957                         1.79069                         1.79148                         1.83321                         1.84766                         1.80868                         1.74917                         1.67258                         1.61346                         1.61789                         1.59809                         1.79811                                 0.64948             
1993    1.83257                 1.64947                         1.68411                         1.70468                         1.72704                         1.76892                         1.80357                         1.82618                         1.83257                         1.82992                         1.82260                         1.61892                         1.78253                                 0.62333             
1994    1.70405                 1.65093                         1.68701                         1.70405                         1.69569                         1.67961                         1.66454                         1.64480                         1.61024                         1.57952                         1.56350                         1.49682                         1.66454                                 0.60989             
1995    1.79516                 1.55592                         1.57839                         1.59034                         1.62191                         1.66824                         1.68426                         1.69393                         1.69168                         1.67481                         1.70417                         1.54790                         1.66745                                 0.63818             
1996    1.83325                 1.66390                         1.68528                         1.70077                         1.69302                         1.74243                         1.76941                         1.77388                         1.74655                         1.70310                         1.74153                         1.60481                         1.75969                                 0.61932             
1997    1.75520                 1.70622                         1.74304                         1.75520                         1.74548                         1.72387                         1.68338                         1.61600                         1.55661                         1.50995                         1.52374                         1.51748                         1.68338                                 0.64747             
1998    2.68197                 2.13980                         2.26606                         2.38029                         2.54756                         2.63847                         2.68197                         2.66160                         2.55132                         2.40243                         2.36256                         2.22278                         2.36714                                 0.83783             
1999    1.95875                 1.69555                         1.74908                         1.78337                         1.82782                         1.90935                         1.95875                         1.95673                         1.90664                         1.85152                         1.84579                         1.67339                         1.95875                                 0.67722             
2000    1.98803                 1.88415                         1.92726                         1.95835                         1.98803                         1.98283                         1.94173                         1.87984                         1.81031                         1.76877                         1.80303                         1.71811                         1.94173                                 0.69371             
2001    1.85314                 1.66264                         1.70590                         1.72491                         1.74642                         1.83246                         1.85314                         1.83973                         1.77756                         1.69637                         1.67769                         1.57360                         1.85314                                 0.62793             
2002    2.09357                 1.88258                         1.93998                         1.98126                         2.04884                         2.09357                         2.04049                         1.95466                         1.87519                         1.80691                         1.77305                         1.72681                         2.04049                                 0.70768             
2003    1.95675                 1.87047                         1.91118                         1.92648                         1.93414                         1.93220                         1.93874                         1.93906                         1.95675                         1.94674                         1.91093                         1.72774                         1.93874                                 0.63310             
2004    2.11615                 1.97787                         2.02993                         2.05745                         2.11615                         2.11575                         2.07910                         2.02872                         1.97433                         1.91682                         1.90522                         1.81418                         2.07910                                 0.74951             
2005    1.79029                 1.69507                         1.72445                         1.72962                         1.71994                         1.76115                         1.77439                         1.79029                         1.78699                         1.74141                         1.71867                         1.58107                         1.77439                                 0.59605             
2006    1.69266                 1.65958                         1.68785                         1.69266                         1.65916                         1.59582                         1.58504                         1.60768                         1.60688                         1.56914                         1.56532                         1.50180                         1.58504                                 0.66933             
2007    1.95225                 1.77121                         1.81339                         1.83694                         1.88485                         1.91594                         1.92087                         1.94727                         1.95225                         1.90866                         1.87298                         1.71826                         1.91161                                 0.69669             
2008    1.83370                 1.65863                         1.69826                         1.71644                         1.70336                         1.66931                         1.71691                         1.77827                         1.82010                         1.83370                         1.83276                         1.59950                         1.71691                                 0.60830             
2009    1.69657                 1.61170                         1.65705                         1.67829                         1.68788                         1.69657                         1.66220                         1.62958                         1.59699                         1.56522                         1.56366                         1.47318                         1.66220                                 0.62897             
2010    1.98684                 1.82299                         1.87321                         1.90236                         1.94459                         1.98684                         1.98441                         1.96959                         1.92627                         1.85051                         1.78398                         1.70745                         1.96946                                 0.68750             
2011    1.90400                 1.84335                         1.88744                         1.90400                         1.89203                         1.84125                         1.77876                         1.75124                         1.73123                         1.69836                         1.68048                         1.63682                         1.69377                                 0.64988             
2012    1.90927                 1.85891                         1.89367                         1.90927                         1.90534                         1.90849                         1.89634                         1.88851                         1.85169                         1.80613                         1.81001                         1.69668                         1.89634                                 0.73858             
2013    1.78824                 1.64102                         1.69330                         1.72008                         1.71945                         1.77739                         1.78824                         1.78548                         1.75646                         1.70541                         1.66959                         1.54889                         1.78824                                 0.66386             
2014    1.77343                 1.61046                         1.66205                         1.69290                         1.71287                         1.73398                         1.73172                         1.71437                         1.71596                         1.71845                         1.73969                         1.57253                         1.73172                                 0.66593             
2015    1.81056                 1.77137                         1.80450                         1.81056                         1.77017                         1.69645                         1.63134                         1.58588                         1.55416                         1.52666                         1.53686                         1.51739                         1.57160                                 0.65308             
2016    1.96424                 1.62210                         1.65362                         1.66937                         1.79905                         1.87577                         1.92075                         1.95475                         1.96424                         1.92369                         1.87609                         1.69741                         1.84646                                 0.67667             
2017    1.89885                 1.55103                         1.56784                         1.57390                         1.60151                         1.69245                         1.73205                         1.73211                         1.73895                         1.76348                         1.81539                         1.59511                         1.73205                                 0.65716             
2018    1.43789                 1.35744                         1.37810                         1.38211                         1.36364                         1.32484                         1.33533                         1.40421                         1.43789                         1.42557                         1.41061                         1.28840                         1.32652                                 0.58668             
