year    psi^max [10^11 kg/s]    psi^max(800 hPa) [10^11 kg/s]   psi^max(775 hPa) [10^11 kg/s]   psi^max(750 hPa) [10^11 kg/s]   psi^max(700 hPa) [10^11 kg/s]   psi^max(650 hPa) [10^11 kg/s]   psi^max(600 hPa) [10^11 kg/s]   psi^max(550 hPa) [10^11 kg/s]   psi^max(500 hPa) [10^11 kg/s]   psi^max(450 hPa) [10^11 kg/s]   psi^max(400 hPa) [10^11 kg/s]   <psi^max>_p [10^11 kg/s]        psi(phi^max, p^max) [10^11 kg/s]        psi_NHC [10^11 kg/s]
1979    0.62716                 0.47448                         0.50387                         0.52756                         0.55964                         0.57893                         0.59924                         0.61739                         0.62716                         0.62586                         0.60873                         0.50696                         0.55200                                 0.24203             
1980    0.81816                 0.69982                         0.72954                         0.75180                         0.78063                         0.79539                         0.80796                         0.81816                         0.81108                         0.78566                         0.75603                         0.68523                         0.78063                                 0.27061             
1981    0.63093                 0.53552                         0.55503                         0.56971                         0.58932                         0.60233                         0.61740                         0.63093                         0.62851                         0.60396                         0.56326                         0.51032                         0.58932                                 0.23443             
1982    0.61462                 0.57329                         0.59285                         0.60515                         0.61462                         0.61013                         0.60040                         0.59825                         0.60060                         0.59525                         0.57683                         0.53215                         0.60408                                 0.22502             
1983    0.52932                 0.50701                         0.52076                         0.52731                         0.52932                         0.51742                         0.49760                         0.48410                         0.47853                         0.46892                         0.45352                         0.43656                         0.52932                                 0.19888             
1984    0.52015                 0.46381                         0.48638                         0.50065                         0.51142                         0.51293                         0.51401                         0.52015                         0.51976                         0.50772                         0.48052                         0.43877                         0.50753                                 0.21338             
1985    0.64231                 0.57458                         0.59112                         0.60077                         0.61280                         0.61730                         0.62145                         0.63363                         0.64231                         0.63830                         0.62237                         0.55371                         0.60547                                 0.25024             
1986    0.60264                 0.57896                         0.59515                         0.60263                         0.60264                         0.58525                         0.55415                         0.53151                         0.51398                         0.49448                         0.46884                         0.47985                         0.60264                                 0.20012             
1987    0.66939                 0.52280                         0.54865                         0.56852                         0.61220                         0.64990                         0.66748                         0.66939                         0.65573                         0.63324                         0.60926                         0.54265                         0.56708                                 0.26027             
1988    0.62980                 0.55110                         0.57400                         0.59262                         0.61932                         0.62980                         0.62771                         0.62410                         0.62760                         0.62756                         0.61859                         0.55296                         0.61932                                 0.27021             
1989    0.67814                 0.56015                         0.58534                         0.60547                         0.63295                         0.64425                         0.64917                         0.66294                         0.67814                         0.67103                         0.64101                         0.56405                         0.63295                                 0.23479             
1990    0.67104                 0.59004                         0.62192                         0.64567                         0.67104                         0.67007                         0.65623                         0.64718                         0.64136                         0.62393                         0.59405                         0.55447                         0.67104                                 0.24460             
1991    0.64770                 0.59403                         0.61614                         0.63074                         0.64536                         0.64770                         0.64613                         0.64677                         0.63777                         0.60865                         0.56614                         0.54477                         0.62199                                 0.22656             
1992    0.70014                 0.62576                         0.65319                         0.67413                         0.69869                         0.70014                         0.68326                         0.66636                         0.64967                         0.62346                         0.58555                         0.56589                         0.66888                                 0.24037             
1993    0.61810                 0.53985                         0.56547                         0.58918                         0.61810                         0.61622                         0.59388                         0.56599                         0.55130                         0.53022                         0.49589                         0.48686                         0.60280                                 0.23646             
1994    0.65593                 0.58191                         0.61249                         0.63461                         0.65593                         0.65415                         0.64032                         0.62772                         0.62393                         0.61480                         0.59415                         0.55578                         0.63361                                 0.27369             
1995    0.63490                 0.58672                         0.61038                         0.62478                         0.63490                         0.62668                         0.60964                         0.59114                         0.56893                         0.54639                         0.52525                         0.52307                         0.62970                                 0.24140             
1996    0.59489                 0.56201                         0.57991                         0.59012                         0.59489                         0.58958                         0.57355                         0.54955                         0.52922                         0.51148                         0.49785                         0.49593                         0.59489                                 0.23005             
1997    0.72262                 0.70255                         0.71676                         0.72262                         0.72059                         0.70717                         0.69184                         0.67948                         0.66512                         0.64064                         0.60419                         0.60028                         0.70922                                 0.26289             
1998    0.61100                 0.53603                         0.55867                         0.57414                         0.59381                         0.60487                         0.60967                         0.61100                         0.60726                         0.59073                         0.55690                         0.51289                         0.59381                                 0.22731             
1999    0.67765                 0.63496                         0.65903                         0.67269                         0.67765                         0.66401                         0.64465                         0.62256                         0.60142                         0.57971                         0.55585                         0.54842                         0.67765                                 0.22892             
2000    0.68347                 0.65080                         0.67325                         0.68347                         0.68264                         0.66816                         0.64974                         0.63847                         0.62991                         0.61835                         0.60034                         0.57239                         0.68264                                 0.26114             
2001    0.72704                 0.65103                         0.68447                         0.70606                         0.72704                         0.72177                         0.69261                         0.65666                         0.62239                         0.59305                         0.56160                         0.56677                         0.72704                                 0.25960             
2002    0.68103                 0.64720                         0.67004                         0.68103                         0.68049                         0.66135                         0.63502                         0.61132                         0.59366                         0.57279                         0.54466                         0.54173                         0.68049                                 0.25894             
2003    0.66227                 0.62705                         0.65127                         0.66227                         0.65703                         0.62847                         0.58965                         0.54888                         0.51116                         0.47795                         0.44543                         0.48550                         0.65703                                 0.22564             
2004    0.69754                 0.65317                         0.67830                         0.69141                         0.69754                         0.69020                         0.67548                         0.65420                         0.62743                         0.59534                         0.55600                         0.55101                         0.69754                                 0.27753             
2005    0.87676                 0.79230                         0.82569                         0.84818                         0.87190                         0.87676                         0.87125                         0.85903                         0.83302                         0.79502                         0.74091                         0.71043                         0.87190                                 0.34260             
2006    0.72559                 0.68900                         0.71312                         0.72481                         0.72559                         0.70737                         0.68118                         0.65875                         0.64225                         0.62750                         0.61021                         0.59397                         0.72559                                 0.25056             
2007    0.77371                 0.71325                         0.74339                         0.76126                         0.77371                         0.76666                         0.75101                         0.73623                         0.71746                         0.69137                         0.65166                         0.62834                         0.77371                                 0.28700             
2008    0.65356                 0.61683                         0.63747                         0.64726                         0.65356                         0.64597                         0.63854                         0.63564                         0.63315                         0.62535                         0.61007                         0.56063                         0.65150                                 0.23779             
2009    0.73585                 0.70152                         0.72538                         0.73585                         0.73349                         0.71323                         0.68710                         0.66449                         0.64490                         0.62933                         0.61116                         0.59680                         0.72278                                 0.24193             
2010    0.66184                 0.60511                         0.63181                         0.64837                         0.66184                         0.65955                         0.65242                         0.64537                         0.63449                         0.62094                         0.60273                         0.55396                         0.66184                                 0.26285             
2011    0.75539                 0.69483                         0.72730                         0.74484                         0.75539                         0.74446                         0.72453                         0.70569                         0.69541                         0.67730                         0.64121                         0.60742                         0.75038                                 0.25868             
2012    0.68957                 0.66300                         0.68303                         0.68957                         0.67967                         0.65169                         0.62139                         0.59834                         0.57456                         0.55002                         0.52505                         0.53191                         0.67967                                 0.25301             
2013    0.70118                 0.63620                         0.66291                         0.67963                         0.70083                         0.70118                         0.69009                         0.67151                         0.64283                         0.60927                         0.58235                         0.55969                         0.69373                                 0.27701             
2014    0.55772                 0.50747                         0.53169                         0.54718                         0.55772                         0.55311                         0.54368                         0.53713                         0.53625                         0.52958                         0.51225                         0.46871                         0.55699                                 0.20327             
2015    0.62879                 0.61911                         0.62879                         0.62726                         0.60804                         0.58382                         0.55956                         0.52908                         0.49638                         0.48680                         0.46814                         0.48913                         0.60804                                 0.21067             
2016    0.73369                 0.70720                         0.72560                         0.73356                         0.73369                         0.72216                         0.70264                         0.68228                         0.66597                         0.65377                         0.63469                         0.61179                         0.73369                                 0.27474             
2017    0.52983                 0.42741                         0.44172                         0.44990                         0.45849                         0.46330                         0.47455                         0.49554                         0.51213                         0.51949                         0.52017                         0.43645                         0.45849                                 0.20856             
2018    0.61959                 0.59629                         0.61257                         0.61959                         0.61706                         0.60824                         0.60982                         0.61428                         0.61742                         0.61511                         0.60170                         0.54955                         0.61706                                 0.23919             
