year    psi^min [10^11 kg/s]    psi^min(800 hPa) [10^11 kg/s]   psi^min(775 hPa) [10^11 kg/s]   psi^min(750 hPa) [10^11 kg/s]   psi^min(700 hPa) [10^11 kg/s]   psi^min(650 hPa) [10^11 kg/s]   psi^min(600 hPa) [10^11 kg/s]   psi^min(550 hPa) [10^11 kg/s]   psi^min(500 hPa) [10^11 kg/s]   psi^min(450 hPa) [10^11 kg/s]   psi^min(400 hPa) [10^11 kg/s]   <psi^min>_p [10^11 kg/s]        psi(phi^min, p^min) [10^11 kg/s]        psi_SHC [10^11 kg/s]
1979    -0.69838                -0.66947                        -0.67524                        -0.68093                        -0.69838                        -0.69741                        -0.68103                        -0.66283                        -0.64917                        -0.64441                        -0.63284                        -0.61066                        -0.67899                                -0.31128            
1980    -0.73158                -0.67988                        -0.68088                        -0.68310                        -0.69578                        -0.71266                        -0.72772                        -0.73158                        -0.72112                        -0.70575                        -0.69398                        -0.65627                        -0.72772                                -0.32705            
1981    -0.64273                -0.58498                        -0.59819                        -0.61335                        -0.63443                        -0.64273                        -0.63982                        -0.62771                        -0.61417                        -0.60883                        -0.61010                        -0.58562                        -0.63982                                -0.27529            
1982    -0.70444                -0.68604                        -0.70135                        -0.70444                        -0.69796                        -0.68732                        -0.67129                        -0.65497                        -0.63700                        -0.63463                        -0.62603                        -0.61913                        -0.64828                                -0.33173            
1983    -0.90565                -0.89639                        -0.90511                        -0.90565                        -0.89945                        -0.89619                        -0.89434                        -0.88682                        -0.86303                        -0.82561                        -0.78708                        -0.79666                        -0.85769                                -0.37079            
1984    -0.76063                -0.68639                        -0.70437                        -0.71589                        -0.73116                        -0.74411                        -0.75454                        -0.76063                        -0.75594                        -0.74003                        -0.71852                        -0.66676                        -0.75415                                -0.32825            
1985    -0.65188                -0.62017                        -0.63014                        -0.63837                        -0.65188                        -0.64716                        -0.63622                        -0.63093                        -0.61649                        -0.59995                        -0.58143                        -0.57221                        -0.62637                                -0.28105            
1986    -0.84322                -0.76541                        -0.78421                        -0.79740                        -0.82654                        -0.84322                        -0.84175                        -0.82270                        -0.78738                        -0.75410                        -0.72029                        -0.70560                        -0.83739                                -0.35132            
1987    -0.63844                -0.57744                        -0.57680                        -0.57634                        -0.61549                        -0.63844                        -0.63829                        -0.62422                        -0.60712                        -0.59351                        -0.58335                        -0.57437                        -0.60028                                -0.27898            
1988    -0.67696                -0.66433                        -0.67244                        -0.67651                        -0.67696                        -0.67201                        -0.66578                        -0.65832                        -0.64401                        -0.62209                        -0.60089                        -0.59282                        -0.61600                                -0.28797            
1989    -0.79719                -0.72042                        -0.73761                        -0.74803                        -0.76407                        -0.77677                        -0.78912                        -0.79670                        -0.79719                        -0.79274                        -0.77909                        -0.71012                        -0.78912                                -0.31416            
1990    -0.77251                -0.68378                        -0.69457                        -0.70187                        -0.71212                        -0.72867                        -0.74705                        -0.76045                        -0.76781                        -0.77251                        -0.77186                        -0.69249                        -0.74705                                -0.31662            
1991    -0.52687                -0.52681                        -0.52334                        -0.51864                        -0.50392                        -0.48334                        -0.46140                        -0.44891                        -0.44840                        -0.44985                        -0.45963                        -0.46020                        -0.44791                                -0.22766            
1992    -0.74514                -0.69920                        -0.70563                        -0.70614                        -0.73670                        -0.74509                        -0.74514                        -0.73611                        -0.72433                        -0.71182                        -0.70329                        -0.68688                        -0.71976                                -0.34398            
1993    -0.68042                -0.54387                        -0.56161                        -0.57544                        -0.61298                        -0.63808                        -0.65702                        -0.67240                        -0.68042                        -0.67862                        -0.67076                        -0.59820                        -0.63116                                -0.27326            
1994    -0.71971                -0.63694                        -0.65633                        -0.67497                        -0.70324                        -0.71843                        -0.71971                        -0.71310                        -0.70328                        -0.68661                        -0.66551                        -0.63567                        -0.70986                                -0.29591            
1995    -0.74661                -0.63497                        -0.64181                        -0.64743                        -0.68168                        -0.70663                        -0.71915                        -0.72894                        -0.73418                        -0.73049                        -0.73663                        -0.66763                        -0.67684                                -0.29442            
1996    -0.75955                -0.73614                        -0.74294                        -0.74323                        -0.74228                        -0.75210                        -0.75955                        -0.75758                        -0.74886                        -0.73267                        -0.71266                        -0.68726                        -0.75955                                -0.32739            
1997    -0.85537                -0.75110                        -0.76044                        -0.76602                        -0.78298                        -0.80565                        -0.82075                        -0.83271                        -0.84563                        -0.85537                        -0.85464                        -0.75925                        -0.81343                                -0.33733            
1998    -0.99420                -0.93393                        -0.94283                        -0.95056                        -0.97827                        -0.99420                        -0.98579                        -0.96850                        -0.94769                        -0.91546                        -0.88156                        -0.87543                        -0.97306                                -0.42637            
1999    -0.92307                -0.80330                        -0.83496                        -0.86025                        -0.89458                        -0.91305                        -0.92307                        -0.92281                        -0.92021                        -0.91138                        -0.88567                        -0.79707                        -0.92307                                -0.38080            
2000    -0.89883                -0.85409                        -0.86948                        -0.87911                        -0.89035                        -0.89679                        -0.89883                        -0.89772                        -0.89493                        -0.88667                        -0.86868                        -0.79832                        -0.86551                                -0.38567            
2001    -0.73875                -0.71743                        -0.72764                        -0.73345                        -0.73375                        -0.72839                        -0.72609                        -0.72775                        -0.73021                        -0.73656                        -0.73875                        -0.67612                        -0.71417                                -0.32941            
2002    -0.71434                -0.62371                        -0.65183                        -0.67329                        -0.70473                        -0.71434                        -0.71007                        -0.69759                        -0.68189                        -0.66530                        -0.65794                        -0.62333                        -0.65734                                -0.30542            
2003    -0.73274                -0.65172                        -0.67198                        -0.68804                        -0.71319                        -0.72936                        -0.73274                        -0.72677                        -0.72641                        -0.72410                        -0.71199                        -0.64199                        -0.67669                                -0.33191            
2004    -0.84837                -0.70763                        -0.72608                        -0.74314                        -0.77535                        -0.80821                        -0.83526                        -0.84837                        -0.84730                        -0.84154                        -0.82843                        -0.73345                        -0.82636                                -0.37872            
2005    -0.53470                -0.52005                        -0.52460                        -0.52519                        -0.52888                        -0.53470                        -0.53307                        -0.51242                        -0.49046                        -0.48007                        -0.46662                        -0.46249                        -0.48896                                -0.25024            
2006    -0.78014                -0.74398                        -0.76194                        -0.77042                        -0.77733                        -0.78014                        -0.77973                        -0.77696                        -0.76362                        -0.73894                        -0.71125                        -0.68267                        -0.77921                                -0.33824            
2007    -0.77378                -0.69662                        -0.70740                        -0.71411                        -0.73063                        -0.75295                        -0.76789                        -0.77378                        -0.77300                        -0.76598                        -0.74860                        -0.67464                        -0.76587                                -0.32330            
2008    -0.83195                -0.76152                        -0.78402                        -0.80007                        -0.82296                        -0.83195                        -0.82225                        -0.80799                        -0.78724                        -0.76352                        -0.74058                        -0.71068                        -0.81858                                -0.33512            
2009    -0.73824                -0.68356                        -0.69546                        -0.70232                        -0.71978                        -0.73315                        -0.73824                        -0.73217                        -0.71356                        -0.69161                        -0.66451                        -0.63316                        -0.72490                                -0.32414            
2010    -0.70699                -0.61611                        -0.63995                        -0.65669                        -0.68085                        -0.70039                        -0.70699                        -0.70529                        -0.69965                        -0.69395                        -0.69365                        -0.63624                        -0.66822                                -0.32768            
2011    -0.69467                -0.62388                        -0.63304                        -0.63922                        -0.64933                        -0.66178                        -0.67675                        -0.68862                        -0.69467                        -0.69199                        -0.67468                        -0.60088                        -0.66645                                -0.30197            
2012    -0.80607                -0.70904                        -0.72884                        -0.74846                        -0.78042                        -0.79765                        -0.80508                        -0.80607                        -0.79928                        -0.78700                        -0.77376                        -0.70588                        -0.77451                                -0.35843            
2013    -0.85479                -0.79162                        -0.81156                        -0.82314                        -0.83407                        -0.84096                        -0.84861                        -0.85479                        -0.85206                        -0.84425                        -0.83093                        -0.75784                        -0.84861                                -0.35905            
2014    -0.70491                -0.70148                        -0.70491                        -0.70327                        -0.69957                        -0.69958                        -0.69266                        -0.67684                        -0.65093                        -0.63316                        -0.62689                        -0.62536                        -0.68910                                -0.31039            
2015    -0.62369                -0.59968                        -0.60520                        -0.60466                        -0.60157                        -0.60498                        -0.61185                        -0.61654                        -0.62369                        -0.61810                        -0.60416                        -0.56238                        -0.60388                                -0.27947            
2016    -0.77612                -0.68704                        -0.70509                        -0.72063                        -0.74546                        -0.76612                        -0.77612                        -0.76997                        -0.75361                        -0.73796                        -0.71652                        -0.67702                        -0.76405                                -0.35586            
2017    -0.87786                -0.77681                        -0.80171                        -0.81867                        -0.84191                        -0.86293                        -0.87633                        -0.87786                        -0.86459                        -0.83712                        -0.80273                        -0.75387                        -0.86252                                -0.35272            
2018    -0.62724                -0.61532                        -0.62390                        -0.62724                        -0.62609                        -0.61923                        -0.61123                        -0.60533                        -0.60186                        -0.60619                        -0.62177                        -0.57402                        -0.60662                                -0.26889            
