year    psi^min [10^11 kg/s]    psi^min(800 hPa) [10^11 kg/s]   psi^min(775 hPa) [10^11 kg/s]   psi^min(750 hPa) [10^11 kg/s]   psi^min(700 hPa) [10^11 kg/s]   psi^min(650 hPa) [10^11 kg/s]   psi^min(600 hPa) [10^11 kg/s]   psi^min(550 hPa) [10^11 kg/s]   psi^min(500 hPa) [10^11 kg/s]   psi^min(450 hPa) [10^11 kg/s]   psi^min(400 hPa) [10^11 kg/s]   <psi^min>_p [10^11 kg/s]        psi(phi^min, p^min) [10^11 kg/s]        psi_SHC [10^11 kg/s]
1979    -0.63356                -0.59352                        -0.59114                        -0.58746                        -0.58031                        -0.57490                        -0.57505                        -0.58380                        -0.60124                        -0.62313                        -0.63356                        -0.55714                        -0.63356                                -0.26622            
1980    -0.52649                -0.52284                        -0.51486                        -0.50470                        -0.48551                        -0.46760                        -0.45006                        -0.43594                        -0.43057                        -0.43276                        -0.44337                        -0.44873                        -0.44337                                -0.22943            
1981    -0.65611                -0.63013                        -0.63791                        -0.64771                        -0.65611                        -0.64804                        -0.63465                        -0.62183                        -0.60819                        -0.59663                        -0.58720                        -0.57703                        -0.58720                                -0.30973            
1982    -0.65675                -0.63881                        -0.64760                        -0.65015                        -0.64480                        -0.64888                        -0.65675                        -0.65458                        -0.64270                        -0.63575                        -0.63820                        -0.59760                        -0.63820                                -0.31056            
1983    -0.72978                -0.70029                        -0.70740                        -0.71326                        -0.72141                        -0.72978                        -0.72304                        -0.70458                        -0.67924                        -0.65073                        -0.62576                        -0.64280                        -0.60905                                -0.30603            
1984    -0.55742                -0.55431                        -0.54734                        -0.54010                        -0.53143                        -0.51727                        -0.51770                        -0.51535                        -0.50313                        -0.48736                        -0.47482                        -0.47774                        -0.47427                                -0.26782            
1985    -0.62526                -0.56827                        -0.58329                        -0.59460                        -0.61147                        -0.62254                        -0.62526                        -0.61951                        -0.61183                        -0.60374                        -0.59584                        -0.55329                        -0.59584                                -0.28337            
1986    -0.50594                -0.49688                        -0.50167                        -0.50521                        -0.50594                        -0.49402                        -0.47554                        -0.45678                        -0.44027                        -0.42875                        -0.42035                        -0.43026                        -0.41469                                -0.21913            
1987    -0.67773                -0.65470                        -0.66704                        -0.67544                        -0.67773                        -0.67133                        -0.66685                        -0.65443                        -0.63843                        -0.62568                        -0.61368                        -0.60037                        -0.61334                                -0.30511            
1988    -0.64384                -0.63184                        -0.63962                        -0.64384                        -0.64327                        -0.63309                        -0.61948                        -0.60941                        -0.61219                        -0.62510                        -0.63201                        -0.58662                        -0.63201                                -0.28803            
1989    -0.43806                -0.42639                        -0.43367                        -0.43806                        -0.43717                        -0.42566                        -0.42013                        -0.41949                        -0.41014                        -0.39420                        -0.38023                        -0.38538                        -0.38023                                -0.19978            
1990    -0.52615                -0.50945                        -0.50683                        -0.50064                        -0.48639                        -0.46895                        -0.44375                        -0.41836                        -0.40037                        -0.40494                        -0.40933                        -0.43114                        -0.40835                                -0.20551            
1991    -0.60141                -0.56266                        -0.57556                        -0.58747                        -0.60141                        -0.59853                        -0.58407                        -0.56457                        -0.55065                        -0.55561                        -0.56575                        -0.53156                        -0.54934                                -0.25945            
1992    -0.71180                -0.61670                        -0.62411                        -0.63291                        -0.64518                        -0.65158                        -0.65826                        -0.66895                        -0.68170                        -0.69734                        -0.71036                        -0.63731                        -0.67012                                -0.30383            
1993    -0.49886                -0.45222                        -0.45426                        -0.45609                        -0.45925                        -0.46547                        -0.47702                        -0.48648                        -0.48914                        -0.49206                        -0.49885                        -0.45319                        -0.47053                                -0.22515            
1994    -0.56991                -0.56705                        -0.56473                        -0.56078                        -0.54608                        -0.52783                        -0.51697                        -0.50874                        -0.50083                        -0.49736                        -0.49264                        -0.49375                        -0.49252                                -0.26356            
1995    -0.54525                -0.51524                        -0.51582                        -0.51203                        -0.50341                        -0.49707                        -0.49144                        -0.49508                        -0.50841                        -0.52785                        -0.54457                        -0.49275                        -0.50274                                -0.22927            
1996    -0.65189                -0.60476                        -0.61143                        -0.61542                        -0.62554                        -0.63684                        -0.64254                        -0.64391                        -0.64323                        -0.64611                        -0.65189                        -0.58797                        -0.65189                                -0.28272            
1997    -0.79619                -0.76604                        -0.77970                        -0.78640                        -0.79475                        -0.79619                        -0.79197                        -0.78835                        -0.78538                        -0.78063                        -0.76666                        -0.72284                        -0.76346                                -0.33444            
1998    -0.75065                -0.71300                        -0.72383                        -0.73258                        -0.74874                        -0.75065                        -0.74029                        -0.71934                        -0.69190                        -0.66839                        -0.64978                        -0.64811                        -0.64866                                -0.33316            
1999    -0.62099                -0.49805                        -0.51104                        -0.52744                        -0.55630                        -0.57959                        -0.59904                        -0.61026                        -0.61676                        -0.62099                        -0.61513                        -0.52337                        -0.48043                                -0.27320            
2000    -0.76042                -0.71506                        -0.72636                        -0.73618                        -0.75023                        -0.75814                        -0.76042                        -0.75418                        -0.74165                        -0.72823                        -0.71458                        -0.67324                        -0.63432                                -0.34447            
2001    -0.73696                -0.64068                        -0.64750                        -0.65291                        -0.66672                        -0.68416                        -0.70227                        -0.71739                        -0.72802                        -0.73406                        -0.73696                        -0.64555                        -0.70254                                -0.32476            
2002    -0.53010                -0.45614                        -0.45612                        -0.44900                        -0.42737                        -0.41292                        -0.41210                        -0.41754                        -0.42427                        -0.43424                        -0.44439                        -0.41528                        -0.44439                                -0.22111            
2003    -0.65200                -0.57461                        -0.58391                        -0.59184                        -0.60902                        -0.61960                        -0.62396                        -0.62745                        -0.63898                        -0.64833                        -0.65200                        -0.57878                        -0.64915                                -0.30227            
2004    -0.60695                -0.43864                        -0.45315                        -0.46514                        -0.48874                        -0.51251                        -0.53426                        -0.55304                        -0.56764                        -0.57989                        -0.59529                        -0.49854                        -0.59529                                -0.24803            
2005    -0.49686                -0.46709                        -0.47215                        -0.47145                        -0.46811                        -0.47907                        -0.49395                        -0.49686                        -0.48670                        -0.48011                        -0.47035                        -0.43046                        -0.46529                                -0.23117            
2006    -0.48746                -0.42443                        -0.43056                        -0.43247                        -0.43274                        -0.43237                        -0.43212                        -0.42982                        -0.43177                        -0.44195                        -0.44346                        -0.39737                        -0.43948                                -0.20150            
2007    -0.52644                -0.52071                        -0.52453                        -0.52644                        -0.51784                        -0.49559                        -0.48194                        -0.47749                        -0.48206                        -0.50066                        -0.51661                        -0.47724                        -0.49999                                -0.23972            
2008    -0.54187                -0.41758                        -0.42221                        -0.42375                        -0.42673                        -0.44821                        -0.47796                        -0.50540                        -0.52617                        -0.54095                        -0.54187                        -0.43649                        -0.52375                                -0.23018            
2009    -0.64017                -0.57857                        -0.59214                        -0.60121                        -0.60989                        -0.61218                        -0.61433                        -0.61606                        -0.62089                        -0.63237                        -0.64017                        -0.56665                        -0.64017                                -0.27761            
2010    -0.62074                -0.58669                        -0.59574                        -0.59738                        -0.60253                        -0.60608                        -0.60477                        -0.60007                        -0.60202                        -0.61090                        -0.62074                        -0.56883                        -0.60607                                -0.28762            
2011    -0.64098                -0.53051                        -0.54572                        -0.55753                        -0.57918                        -0.59843                        -0.61509                        -0.62663                        -0.63337                        -0.63854                        -0.64098                        -0.55038                        -0.64098                                -0.28825            
2012    -0.60158                -0.45345                        -0.45946                        -0.46504                        -0.47816                        -0.49924                        -0.53099                        -0.56184                        -0.58201                        -0.59510                        -0.60158                        -0.49283                        -0.60033                                -0.23135            
2013    -0.55040                -0.49838                        -0.50733                        -0.51271                        -0.52147                        -0.52970                        -0.53357                        -0.53519                        -0.53989                        -0.54718                        -0.55040                        -0.48907                        -0.46649                                -0.25243            
2014    -0.57191                -0.49826                        -0.50717                        -0.51361                        -0.52104                        -0.52579                        -0.53135                        -0.54322                        -0.55768                        -0.56834                        -0.57191                        -0.50273                        -0.53582                                -0.25069            
2015    -0.56557                -0.39913                        -0.40084                        -0.40224                        -0.40989                        -0.42682                        -0.45525                        -0.48763                        -0.51598                        -0.53934                        -0.55831                        -0.45184                        -0.53011                                -0.22603            
2016    -0.65865                -0.39870                        -0.39413                        -0.40691                        -0.42742                        -0.44175                        -0.44312                        -0.44786                        -0.46206                        -0.46330                        -0.45000                        -0.40927                        -0.43764                                -0.22935            
2017    -0.54955                -0.41463                        -0.42580                        -0.43498                        -0.45182                        -0.46762                        -0.48297                        -0.49950                        -0.51915                        -0.53552                        -0.54573                        -0.46031                        -0.53831                                -0.23176            
2018    -0.54464                -0.43888                        -0.46321                        -0.48463                        -0.51436                        -0.53169                        -0.53901                        -0.54136                        -0.54216                        -0.54464                        -0.54401                        -0.46292                        -0.54401                                -0.25194            
