year    psi^max [10^11 kg/s]    psi^max(800 hPa) [10^11 kg/s]   psi^max(775 hPa) [10^11 kg/s]   psi^max(750 hPa) [10^11 kg/s]   psi^max(700 hPa) [10^11 kg/s]   psi^max(650 hPa) [10^11 kg/s]   psi^max(600 hPa) [10^11 kg/s]   psi^max(550 hPa) [10^11 kg/s]   psi^max(500 hPa) [10^11 kg/s]   psi^max(450 hPa) [10^11 kg/s]   psi^max(400 hPa) [10^11 kg/s]   <psi^max>_p [10^11 kg/s]        psi(phi^max, p^max) [10^11 kg/s]        psi_NHC [10^11 kg/s]
1979    1.39825                 1.30890                         1.34890                         1.37341                         1.39825                         1.38304                         1.35240                         1.31791                         1.28242                         1.24616                         1.21319                         1.18540                         1.39825                                 0.52392             
1980    1.35167                 1.29215                         1.32960                         1.34961                         1.35167                         1.32118                         1.27946                         1.24430                         1.22046                         1.20401                         1.18155                         1.14147                         1.35167                                 0.43791             
1981    1.42800                 1.35512                         1.39081                         1.41276                         1.42800                         1.41701                         1.39345                         1.36770                         1.33552                         1.29883                         1.26290                         1.21383                         1.39757                                 0.46379             
1982    1.45142                 1.41854                         1.44230                         1.45142                         1.44356                         1.41034                         1.36288                         1.31119                         1.25957                         1.22035                         1.19620                         1.21164                         1.44356                                 0.49771             
1983    1.19947                 1.18427                         1.19947                         1.19474                         1.15413                         1.10126                         1.05428                         1.02191                         1.00356                         1.00505                         1.02153                         0.99680                         1.15413                                 0.37520             
1984    1.41766                 1.37311                         1.40200                         1.41579                         1.41766                         1.39630                         1.36132                         1.33441                         1.30968                         1.28695                         1.26365                         1.23189                         1.41766                                 0.45030             
1985    1.18617                 1.13989                         1.16833                         1.18313                         1.18617                         1.16191                         1.12586                         1.10120                         1.09200                         1.09575                         1.10943                         1.04386                         1.18617                                 0.41290             
1986    1.56503                 1.47407                         1.52150                         1.55137                         1.56503                         1.52888                         1.46772                         1.40879                         1.36672                         1.34487                         1.32432                         1.29449                         1.56503                                 0.52118             
1987    1.36453                 1.32730                         1.35437                         1.36453                         1.34855                         1.30708                         1.26282                         1.22485                         1.18407                         1.14138                         1.09894                         1.11707                         1.33293                                 0.45974             
1988    1.46114                 1.38495                         1.42956                         1.45372                         1.46114                         1.43101                         1.39286                         1.35934                         1.33133                         1.31334                         1.29210                         1.24889                         1.45372                                 0.48761             
1989    1.55158                 1.44395                         1.49531                         1.52877                         1.55158                         1.52892                         1.48065                         1.44340                         1.41360                         1.37473                         1.32981                         1.29686                         1.55158                                 0.53587             
1990    1.35844                 1.29750                         1.33280                         1.35055                         1.35844                         1.33763                         1.31105                         1.28912                         1.26739                         1.25272                         1.23576                         1.17104                         1.34329                                 0.50399             
1991    1.50839                 1.42694                         1.47013                         1.49565                         1.50839                         1.48344                         1.43690                         1.38812                         1.35057                         1.31817                         1.27607                         1.24174                         1.50570                                 0.51845             
1992    1.43166                 1.38602                         1.41478                         1.42917                         1.43166                         1.41581                         1.39109                         1.36402                         1.34726                         1.34254                         1.33993                         1.26390                         1.43072                                 0.54374             
1993    1.58042                 1.47717                         1.52302                         1.55802                         1.58042                         1.55047                         1.49629                         1.45069                         1.41954                         1.39427                         1.35886                         1.30792                         1.56327                                 0.50307             
1994    1.46332                 1.39914                         1.43206                         1.45052                         1.46332                         1.45297                         1.42014                         1.37755                         1.33810                         1.31680                         1.31412                         1.27047                         1.46332                                 0.50441             
1995    1.28438                 1.21033                         1.24904                         1.27449                         1.28438                         1.25494                         1.21703                         1.18132                         1.14933                         1.12499                         1.10991                         1.08528                         1.26370                                 0.41992             
1996    1.31408                 1.28827                         1.30823                         1.31408                         1.30861                         1.29428                         1.27142                         1.24683                         1.22584                         1.19381                         1.13314                         1.10243                         1.27691                                 0.47586             
1997    1.37054                 1.29719                         1.33074                         1.35092                         1.37054                         1.36568                         1.32453                         1.27618                         1.24379                         1.23618                         1.24789                         1.18852                         1.34832                                 0.46248             
1998    1.56022                 1.47086                         1.52137                         1.55118                         1.56022                         1.51012                         1.42683                         1.34903                         1.29312                         1.25344                         1.22547                         1.24061                         1.56022                                 0.46903             
1999    1.37690                 1.31827                         1.35574                         1.37625                         1.37690                         1.34192                         1.29911                         1.25014                         1.19126                         1.13245                         1.07445                         1.10805                         1.36543                                 0.45252             
2000    1.64482                 1.56607                         1.61134                         1.63847                         1.64482                         1.60004                         1.53328                         1.46836                         1.41336                         1.37407                         1.34296                         1.34138                         1.64482                                 0.51129             
2001    1.46782                 1.39358                         1.44064                         1.46653                         1.46782                         1.41231                         1.32966                         1.25731                         1.20280                         1.16613                         1.14479                         1.17877                         1.46782                                 0.44090             
2002    1.80414                 1.66642                         1.72706                         1.76651                         1.80414                         1.78030                         1.72066                         1.66588                         1.63202                         1.60921                         1.58011                         1.50347                         1.79518                                 0.61158             
2003    1.49808                 1.41235                         1.46196                         1.49017                         1.49808                         1.46245                         1.41288                         1.37605                         1.34630                         1.32408                         1.29680                         1.24516                         1.49808                                 0.53096             
2004    1.50261                 1.45363                         1.48633                         1.50261                         1.49289                         1.44854                         1.40285                         1.35780                         1.31730                         1.29913                         1.30854                         1.26925                         1.48363                                 0.50278             
2005    1.43418                 1.34710                         1.39347                         1.41902                         1.43418                         1.39635                         1.32516                         1.27073                         1.23338                         1.20873                         1.19154                         1.17715                         1.43418                                 0.46163             
2006    1.48141                 1.37848                         1.42547                         1.45625                         1.48141                         1.45708                         1.39836                         1.34189                         1.30786                         1.29935                         1.30075                         1.23678                         1.45953                                 0.47460             
2007    1.50704                 1.45228                         1.49211                         1.50704                         1.48774                         1.42962                         1.37567                         1.33271                         1.30212                         1.28340                         1.26601                         1.22845                         1.48774                                 0.47924             
2008    1.64265                 1.55719                         1.60707                         1.63451                         1.64265                         1.60350                         1.53975                         1.48146                         1.44110                         1.40912                         1.37604                         1.34436                         1.61365                                 0.53080             
2009    1.62892                 1.53578                         1.58639                         1.61660                         1.62892                         1.58486                         1.51808                         1.46621                         1.42766                         1.39712                         1.37867                         1.33759                         1.62492                                 0.54618             
2010    1.40169                 1.36010                         1.38880                         1.40169                         1.39345                         1.35823                         1.31643                         1.27874                         1.25200                         1.24642                         1.24655                         1.19407                         1.38239                                 0.44745             
2011    1.48926                 1.43246                         1.46973                         1.48926                         1.48365                         1.43263                         1.36761                         1.31813                         1.29013                         1.28725                         1.29773                         1.23740                         1.48365                                 0.49863             
2012    1.47150                 1.33968                         1.39049                         1.43029                         1.47150                         1.44447                         1.38202                         1.33509                         1.31108                         1.30273                         1.29958                         1.22119                         1.40120                                 0.46275             
2013    1.44098                 1.39661                         1.42872                         1.44098                         1.42924                         1.36768                         1.29755                         1.25522                         1.24159                         1.23426                         1.22949                         1.19023                         1.42217                                 0.46937             
2014    1.40462                 1.33904                         1.37600                         1.39863                         1.40462                         1.37669                         1.34474                         1.33034                         1.32316                         1.32166                         1.31734                         1.22189                         1.40044                                 0.49669             
2015    1.54692                 1.49169                         1.52956                         1.54692                         1.53981                         1.50006                         1.44576                         1.39457                         1.35162                         1.32183                         1.28757                         1.27356                         1.53911                                 0.52113             
2016    1.39131                 1.33888                         1.37660                         1.39131                         1.37479                         1.32737                         1.30030                         1.27923                         1.24948                         1.21485                         1.18484                         1.16615                         1.36494                                 0.47667             
2017    1.34520                 1.28985                         1.32775                         1.34520                         1.33697                         1.29512                         1.24699                         1.21179                         1.18789                         1.17270                         1.17397                         1.13351                         1.32913                                 0.45706             
2018    1.46737                 1.41132                         1.44810                         1.46545                         1.46737                         1.44688                         1.42019                         1.39872                         1.38474                         1.37714                         1.36954                         1.28946                         1.44143                                 0.49709             
