year    psi^min [10^11 kg/s]    psi^min(800 hPa) [10^11 kg/s]   psi^min(775 hPa) [10^11 kg/s]   psi^min(750 hPa) [10^11 kg/s]   psi^min(700 hPa) [10^11 kg/s]   psi^min(650 hPa) [10^11 kg/s]   psi^min(600 hPa) [10^11 kg/s]   psi^min(550 hPa) [10^11 kg/s]   psi^min(500 hPa) [10^11 kg/s]   psi^min(450 hPa) [10^11 kg/s]   psi^min(400 hPa) [10^11 kg/s]   <psi^min>_p [10^11 kg/s]        psi(phi^min, p^min) [10^11 kg/s]        psi_SHC [10^11 kg/s]
1979    -0.65538                -0.64144                        -0.64870                        -0.65342                        -0.65418                        -0.65538                        -0.65238                        -0.63581                        -0.61080                        -0.58173                        -0.55046                        -0.55067                        -0.54625                                -0.28002            
1980    -0.48185                -0.47866                        -0.47249                        -0.46444                        -0.45079                        -0.44658                        -0.44610                        -0.44490                        -0.44040                        -0.43491                        -0.42486                        -0.42120                        -0.41819                                -0.22030            
1981    -0.56189                -0.56189                        -0.56092                        -0.55503                        -0.53556                        -0.51284                        -0.48898                        -0.47826                        -0.47940                        -0.49167                        -0.50369                        -0.48455                        -0.48968                                -0.26152            
1982    -0.50712                -0.49952                        -0.50018                        -0.50038                        -0.50512                        -0.50712                        -0.50451                        -0.49063                        -0.47148                        -0.45772                        -0.45094                        -0.44837                        -0.45094                                -0.23014            
1983    -0.61071                -0.61071                        -0.60681                        -0.59810                        -0.58237                        -0.56333                        -0.54944                        -0.54622                        -0.54815                        -0.55677                        -0.56009                        -0.53363                        -0.53551                                -0.28335            
1984    -0.51776                -0.39799                        -0.39394                        -0.38919                        -0.38472                        -0.38614                        -0.38698                        -0.37852                        -0.37658                        -0.37505                        -0.36810                        -0.36188                        -0.36429                                -0.20865            
1985    -0.56854                -0.54600                        -0.55922                        -0.56829                        -0.56854                        -0.54517                        -0.50788                        -0.48570                        -0.46220                        -0.44382                        -0.44744                        -0.46890                        -0.43360                                -0.23345            
1986    -0.59300                -0.57249                        -0.58519                        -0.59158                        -0.59300                        -0.58659                        -0.57793                        -0.56695                        -0.55148                        -0.53685                        -0.52300                        -0.50953                        -0.51286                                -0.27674            
1987    -0.61011                -0.36244                        -0.37128                        -0.37952                        -0.39145                        -0.39225                        -0.38203                        -0.36907                        -0.36265                        -0.35453                        -0.35391                        -0.34866                        -0.33491                                -0.18588            
1988    -0.58962                -0.55274                        -0.55996                        -0.56490                        -0.57356                        -0.57797                        -0.57026                        -0.55558                        -0.55121                        -0.55661                        -0.55952                        -0.52818                        -0.50712                                -0.26574            
1989    -0.59255                -0.44629                        -0.44351                        -0.43442                        -0.41166                        -0.38797                        -0.36748                        -0.35552                        -0.35102                        -0.35320                        -0.36075                        -0.36747                        -0.35927                                -0.18861            
1990    -0.63798                -0.52799                        -0.52568                        -0.52091                        -0.51056                        -0.50285                        -0.49835                        -0.50090                        -0.50974                        -0.51964                        -0.52570                        -0.49171                        -0.48587                                -0.25222            
1991    -0.47989                -0.47989                        -0.47791                        -0.47055                        -0.44987                        -0.42824                        -0.40984                        -0.39721                        -0.39923                        -0.41364                        -0.42366                        -0.40735                        -0.41498                                -0.20913            
1992    -0.46493                -0.36815                        -0.36840                        -0.37307                        -0.37801                        -0.37076                        -0.35122                        -0.33185                        -0.34457                        -0.35785                        -0.37141                        -0.34432                        -0.37141                                -0.19300            
1993    -0.37372                -0.32317                        -0.31794                        -0.31260                        -0.30080                        -0.28691                        -0.27607                        -0.28103                        -0.29563                        -0.31366                        -0.33533                        -0.31133                        -0.31177                                -0.15599            
1994    -0.59094                -0.36800                        -0.36402                        -0.35805                        -0.34366                        -0.33691                        -0.33349                        -0.33334                        -0.33930                        -0.34932                        -0.36291                        -0.33328                        -0.36122                                -0.19073            
1995    -0.48118                -0.40014                        -0.39475                        -0.39040                        -0.38490                        -0.37745                        -0.36289                        -0.34617                        -0.32990                        -0.31532                        -0.30662                        -0.34155                        -0.30502                                -0.18593            
1996    -0.41880                -0.41553                        -0.40532                        -0.39070                        -0.35662                        -0.32743                        -0.31360                        -0.31238                        -0.31339                        -0.32242                        -0.32817                        -0.31611                        -0.31850                                -0.14728            
1997    -0.62781                -0.61284                        -0.62053                        -0.62197                        -0.61377                        -0.60253                        -0.59830                        -0.60101                        -0.60527                        -0.61629                        -0.62781                        -0.57383                        -0.61955                                -0.29730            
1998    -0.91538                -0.83221                        -0.85456                        -0.87078                        -0.88916                        -0.90334                        -0.91071                        -0.91535                        -0.91538                        -0.90408                        -0.87871                        -0.80501                        -0.85434                                -0.39206            
1999    -0.58934                -0.42359                        -0.43474                        -0.44429                        -0.45975                        -0.47267                        -0.48528                        -0.49829                        -0.51004                        -0.52388                        -0.54003                        -0.45555                        -0.54003                                -0.24947            
2000    -0.42225                -0.23904                        -0.23227                        -0.22382                        -0.21224                        -0.21222                        -0.21870                        -0.22972                        -0.25548                        -0.27987                        -0.29203                        -0.23076                        -0.24679                                -0.11901            
2001    -0.57159                -0.56418                        -0.57001                        -0.57159                        -0.56430                        -0.54576                        -0.52372                        -0.50904                        -0.50738                        -0.51436                        -0.52395                        -0.49634                        -0.52395                                -0.23789            
2002    -0.62174                -0.43191                        -0.43351                        -0.43154                        -0.42414                        -0.41771                        -0.41153                        -0.40998                        -0.41238                        -0.41119                        -0.40480                        -0.39233                        -0.39355                                -0.20915            
2003    -0.57941                -0.44198                        -0.45365                        -0.46908                        -0.49962                        -0.52532                        -0.54182                        -0.54816                        -0.55228                        -0.56611                        -0.57941                        -0.48837                        -0.57941                                -0.24815            
2004    -0.51412                -0.45492                        -0.46441                        -0.47092                        -0.48363                        -0.49664                        -0.50567                        -0.51035                        -0.51412                        -0.51164                        -0.49614                        -0.43977                        -0.49614                                -0.22807            
2005    -0.46361                -0.42058                        -0.42358                        -0.42442                        -0.41833                        -0.41116                        -0.40551                        -0.40979                        -0.42695                        -0.44592                        -0.46205                        -0.40426                        -0.46205                                -0.21781            
2006    -0.54541                -0.54241                        -0.54541                        -0.54138                        -0.52542                        -0.51913                        -0.51711                        -0.52482                        -0.53415                        -0.53753                        -0.53776                        -0.48807                        -0.53504                                -0.25690            
2007    -0.66334                -0.46191                        -0.46680                        -0.47303                        -0.48847                        -0.50152                        -0.50886                        -0.51158                        -0.51198                        -0.51262                        -0.50458                        -0.44980                        -0.48924                                -0.25504            
2008    -0.66081                -0.57176                        -0.59733                        -0.61531                        -0.63366                        -0.63932                        -0.63924                        -0.64252                        -0.65236                        -0.66081                        -0.65970                        -0.56937                        -0.65970                                -0.28644            
2009    -0.57122                -0.31127                        -0.31356                        -0.31381                        -0.30568                        -0.29623                        -0.29439                        -0.29903                        -0.31515                        -0.33625                        -0.35228                        -0.29669                        -0.33086                                -0.16448            
2010    -0.54875                -0.51603                        -0.51858                        -0.51813                        -0.51367                        -0.50770                        -0.50645                        -0.51180                        -0.52517                        -0.54227                        -0.54875                        -0.49180                        -0.53438                                -0.25708            
2011    -0.67032                -0.54904                        -0.56115                        -0.57043                        -0.58734                        -0.59667                        -0.59635                        -0.59617                        -0.60886                        -0.63888                        -0.66841                        -0.56613                        -0.66841                                -0.29716            
2012    -0.41103                -0.38084                        -0.37933                        -0.37441                        -0.36245                        -0.36312                        -0.37966                        -0.39539                        -0.40701                        -0.41103                        -0.39973                        -0.36486                        -0.38160                                -0.21273            
2013    -0.57905                -0.50169                        -0.51213                        -0.51640                        -0.51661                        -0.51831                        -0.52134                        -0.52277                        -0.52663                        -0.54213                        -0.54758                        -0.48208                        -0.54758                                -0.28151            
2014    -0.64418                -0.43866                        -0.44630                        -0.45332                        -0.46618                        -0.47807                        -0.49018                        -0.50261                        -0.52113                        -0.53761                        -0.54542                        -0.46150                        -0.54216                                -0.25615            
2015    -0.57853                -0.29155                        -0.29049                        -0.28768                        -0.28816                        -0.29914                        -0.31308                        -0.32563                        -0.34899                        -0.37410                        -0.39094                        -0.30569                        -0.29296                                -0.18412            
2016    -0.59126                -0.41610                        -0.41072                        -0.40075                        -0.38549                        -0.38445                        -0.38642                        -0.38747                        -0.38817                        -0.39485                        -0.40961                        -0.38099                        -0.40702                                -0.19155            
2017    -0.46171                -0.34321                        -0.34852                        -0.35121                        -0.35607                        -0.36113                        -0.36367                        -0.36672                        -0.38170                        -0.40962                        -0.44056                        -0.36625                        -0.44056                                -0.18772            
2018    -0.48118                -0.44141                        -0.44751                        -0.45241                        -0.46242                        -0.47256                        -0.47865                        -0.47499                        -0.47004                        -0.46634                        -0.46612                        -0.42714                        -0.45403                                -0.24088            
