year    psi^max [10^11 kg/s]    psi^max(800 hPa) [10^11 kg/s]   psi^max(775 hPa) [10^11 kg/s]   psi^max(750 hPa) [10^11 kg/s]   psi^max(700 hPa) [10^11 kg/s]   psi^max(650 hPa) [10^11 kg/s]   psi^max(600 hPa) [10^11 kg/s]   psi^max(550 hPa) [10^11 kg/s]   psi^max(500 hPa) [10^11 kg/s]   psi^max(450 hPa) [10^11 kg/s]   psi^max(400 hPa) [10^11 kg/s]   <psi^max>_p [10^11 kg/s]        psi(phi^max, p^max) [10^11 kg/s]        psi_NHC [10^11 kg/s]
1979    0.81711                 0.72164                         0.74530                         0.76235                         0.78329                         0.79348                         0.80309                         0.81027                         0.81210                         0.81233                         0.81711                         0.73277                         0.77644                                 0.34195             
1980    0.84957                 0.75699                         0.78292                         0.80223                         0.82598                         0.83818                         0.84659                         0.84957                         0.84742                         0.84282                         0.83252                         0.74879                         0.82598                                 0.33504             
1981    0.95452                 0.86471                         0.89802                         0.92100                         0.94691                         0.95452                         0.95155                         0.94213                         0.92198                         0.89266                         0.85790                         0.80913                         0.94691                                 0.34949             
1982    0.74571                 0.67757                         0.69167                         0.69827                         0.70303                         0.70522                         0.70882                         0.71867                         0.73227                         0.74273                         0.74571                         0.66501                         0.69086                                 0.28722             
1983    1.01693                 0.95331                         0.98288                         1.00177                         1.01693                         1.00759                         0.98501                         0.95775                         0.92521                         0.88435                         0.83212                         0.82831                         0.98819                                 0.35798             
1984    0.84987                 0.82636                         0.84216                         0.84987                         0.84809                         0.83429                         0.81990                         0.80955                         0.79828                         0.78253                         0.76254                         0.74105                         0.84616                                 0.32017             
1985    0.90491                 0.87493                         0.89555                         0.90491                         0.90320                         0.88881                         0.88504                         0.88322                         0.87752                         0.87229                         0.86495                         0.80255                         0.89405                                 0.33362             
1986    0.95372                 0.90210                         0.92294                         0.94022                         0.95372                         0.95017                         0.93836                         0.92519                         0.91519                         0.91242                         0.91908                         0.84872                         0.93369                                 0.34926             
1987    0.84963                 0.78058                         0.80240                         0.81557                         0.83018                         0.83679                         0.84086                         0.84456                         0.84878                         0.84963                         0.84631                         0.76753                         0.82331                                 0.35373             
1988    0.93718                 0.86075                         0.89466                         0.91691                         0.93650                         0.93718                         0.93254                         0.92934                         0.92499                         0.91798                         0.90543                         0.82930                         0.93650                                 0.33434             
1989    0.98697                 0.88378                         0.91850                         0.94483                         0.97662                         0.98697                         0.98644                         0.98118                         0.96994                         0.95213                         0.92277                         0.85032                         0.96641                                 0.37838             
1990    0.96577                 0.86743                         0.90191                         0.92758                         0.95748                         0.96577                         0.95749                         0.94786                         0.94761                         0.94043                         0.91571                         0.83916                         0.95748                                 0.36128             
1991    0.84971                 0.78309                         0.81347                         0.83311                         0.84971                         0.84563                         0.83342                         0.82211                         0.81215                         0.80049                         0.77710                         0.73237                         0.84602                                 0.30858             
1992    1.00041                 0.94385                         0.97529                         0.99308                         1.00041                         0.98105                         0.95205                         0.92610                         0.90439                         0.88665                         0.86200                         0.83260                         1.00041                                 0.36199             
1993    0.91799                 0.88301                         0.90539                         0.91720                         0.91799                         0.89660                         0.86549                         0.83417                         0.81447                         0.80119                         0.78054                         0.77036                         0.91799                                 0.32382             
1994    0.85136                 0.81609                         0.83540                         0.84640                         0.85136                         0.84570                         0.84070                         0.83667                         0.83469                         0.83149                         0.82010                         0.75736                         0.84280                                 0.34190             
1995    0.96584                 0.93021                         0.94937                         0.95963                         0.96584                         0.95402                         0.93014                         0.90469                         0.87960                         0.85279                         0.81549                         0.80138                         0.95843                                 0.34573             
1996    0.94119                 0.91606                         0.93229                         0.94119                         0.93835                         0.91715                         0.89025                         0.86430                         0.84513                         0.83418                         0.81215                         0.79173                         0.93835                                 0.33580             
1997    1.04944                 0.94694                         0.98122                         1.00494                         1.03644                         1.04944                         1.04456                         1.01810                         0.99119                         0.98362                         0.97714                         0.91105                         0.89855                                 0.37397             
1998    1.08689                 1.02076                         1.05377                         1.07446                         1.08689                         1.07175                         1.04557                         1.02275                         1.00271                         0.97825                         0.94231                         0.91066                         1.08689                                 0.39092             
1999    1.02626                 0.96077                         0.99297                         1.01266                         1.02626                         1.01260                         0.98264                         0.94846                         0.91475                         0.88986                         0.86624                         0.83680                         1.00531                                 0.35239             
2000    1.08129                 1.00146                         1.03970                         1.06491                         1.08129                         1.06528                         1.03860                         1.00836                         0.97284                         0.94180                         0.92293                         0.90823                         1.07891                                 0.40037             
2001    1.14378                 1.06006                         1.10389                         1.13165                         1.14378                         1.11201                         1.06423                         1.01519                         0.97684                         0.94685                         0.91383                         0.91532                         1.13720                                 0.40709             
2002    1.00617                 0.95177                         0.98362                         1.00108                         1.00617                         0.99725                         0.98161                         0.96349                         0.95193                         0.95039                         0.94577                         0.87308                         1.00460                                 0.35019             
2003    0.95596                 0.91213                         0.93927                         0.95395                         0.95596                         0.93771                         0.91231                         0.88461                         0.85729                         0.83014                         0.80272                         0.79049                         0.95596                                 0.33318             
2004    1.02734                 0.98117                         1.01188                         1.02734                         1.02562                         0.99062                         0.94878                         0.91953                         0.89891                         0.88345                         0.86790                         0.84433                         1.00114                                 0.35618             
2005    0.93244                 0.88566                         0.91043                         0.92434                         0.93244                         0.92314                         0.90555                         0.88430                         0.86779                         0.85144                         0.82153                         0.78711                         0.91562                                 0.36424             
2006    0.93466                 0.90569                         0.92666                         0.93466                         0.93058                         0.91420                         0.89528                         0.87703                         0.85959                         0.84152                         0.81714                         0.79310                         0.93058                                 0.33178             
2007    1.05603                 0.97080                         1.00882                         1.03208                         1.05458                         1.05603                         1.04893                         1.03961                         1.02526                         1.00205                         0.96777                         0.89549                         1.04177                                 0.41183             
2008    1.01992                 0.95618                         0.98844                         1.00682                         1.01992                         1.01595                         1.00551                         0.99848                         0.99672                         0.99323                         0.97767                         0.88969                         1.01992                                 0.40917             
2009    0.93473                 0.86497                         0.89898                         0.92014                         0.93473                         0.93027                         0.92840                         0.92734                         0.92579                         0.92165                         0.91101                         0.83199                         0.92635                                 0.35418             
2010    0.95625                 0.89664                         0.92945                         0.94777                         0.95625                         0.94281                         0.92281                         0.90748                         0.89735                         0.88496                         0.86052                         0.80740                         0.93120                                 0.34939             
2011    1.06902                 1.01449                         1.04662                         1.06412                         1.06902                         1.04865                         1.01832                         0.98965                         0.96343                         0.93269                         0.89103                         0.87157                         1.06902                                 0.38524             
2012    0.81802                 0.76433                         0.78951                         0.80587                         0.81802                         0.81496                         0.80881                         0.80456                         0.79972                         0.79197                         0.78385                         0.72003                         0.81721                                 0.32047             
2013    0.93352                 0.87505                         0.89855                         0.91492                         0.93258                         0.93352                         0.92436                         0.90924                         0.89057                         0.86817                         0.83319                         0.79166                         0.91222                                 0.37209             
2014    0.86825                 0.82673                         0.84800                         0.86090                         0.86825                         0.86411                         0.85919                         0.85528                         0.85015                         0.84287                         0.82624                         0.76675                         0.86825                                 0.34250             
2015    0.77089                 0.75998                         0.77036                         0.77089                         0.76032                         0.74497                         0.73502                         0.73080                         0.72587                         0.72837                         0.72761                         0.68144                         0.75691                                 0.29293             
2016    0.90636                 0.86582                         0.89271                         0.90636                         0.90621                         0.88826                         0.87440                         0.87032                         0.86591                         0.86363                         0.85800                         0.79568                         0.90621                                 0.34857             
2017    0.96708                 0.90170                         0.92733                         0.94583                         0.96509                         0.96630                         0.96538                         0.96708                         0.96408                         0.94902                         0.91853                         0.84409                         0.94135                                 0.37589             
2018    0.89761                 0.82117                         0.83935                         0.84950                         0.85665                         0.85631                         0.86068                         0.87260                         0.88696                         0.89761                         0.89720                         0.80026                         0.85665                                 0.33949             
