year    psi^max [10^11 kg/s]    psi^max(800 hPa) [10^11 kg/s]   psi^max(775 hPa) [10^11 kg/s]   psi^max(750 hPa) [10^11 kg/s]   psi^max(700 hPa) [10^11 kg/s]   psi^max(650 hPa) [10^11 kg/s]   psi^max(600 hPa) [10^11 kg/s]   psi^max(550 hPa) [10^11 kg/s]   psi^max(500 hPa) [10^11 kg/s]   psi^max(450 hPa) [10^11 kg/s]   psi^max(400 hPa) [10^11 kg/s]   <psi^max>_p [10^11 kg/s]        psi(phi^max, p^max) [10^11 kg/s]        psi_NHC [10^11 kg/s]
1979    1.17761                 1.08495                         1.10682                         1.11560                         1.11643                         1.09932                         1.10935                         1.14047                         1.15939                         1.16328                         1.16972                         1.05132                         1.15598                                 0.44965             
1980    1.18258                 0.99052                         1.01436                         1.02837                         1.03824                         1.02982                         1.03428                         1.06471                         1.08447                         1.10544                         1.13256                         1.00778                         1.13084                                 0.43798             
1981    1.06697                 1.01581                         1.04034                         1.05539                         1.06697                         1.05296                         1.03439                         1.01297                         0.98775                         0.98079                         0.99382                         0.95416                         0.99205                                 0.42860             
1982    1.02498                 0.86980                         0.88127                         0.88526                         0.87762                         0.85549                         0.84813                         0.85191                         0.86378                         0.89342                         0.92492                         0.85612                         0.95348                                 0.33961             
1983    1.32864                 1.09585                         1.10754                         1.10685                         1.13403                         1.18585                         1.21845                         1.24368                         1.25305                         1.23297                         1.21600                         1.13454                         1.17823                                 0.48302             
1984    1.20624                 1.00981                         1.04302                         1.06260                         1.08132                         1.08169                         1.11013                         1.15927                         1.19049                         1.19786                         1.19881                         1.04354                         1.20624                                 0.43027             
1985    1.06116                 1.06076                         1.06116                         1.04847                         0.99898                         0.93148                         0.86881                         0.82953                         0.81531                         0.82634                         0.85041                         0.88291                         0.85768                                 0.39236             
1986    1.09029                 1.04112                         1.05914                         1.06212                         1.05638                         1.04174                         1.05032                         1.05573                         1.04798                         1.04982                         1.07264                         0.98296                         1.09029                                 0.42402             
1987    1.43562                 1.30165                         1.33094                         1.34189                         1.32865                         1.36622                         1.41008                         1.43226                         1.43562                         1.41639                         1.38191                         1.26074                         1.32362                                 0.50286             
1988    1.20127                 1.04817                         1.08419                         1.10530                         1.12922                         1.14021                         1.16578                         1.19410                         1.20127                         1.19645                         1.19649                         1.06533                         1.19418                                 0.47274             
1989    1.30916                 1.17132                         1.21375                         1.23984                         1.25663                         1.24604                         1.23924                         1.24636                         1.23969                         1.23119                         1.24516                         1.15401                         1.29214                                 0.50641             
1990    1.26059                 1.05837                         1.08176                         1.09082                         1.08569                         1.05632                         1.06666                         1.09004                         1.12252                         1.16673                         1.19453                         1.06016                         1.22501                                 0.45817             
1991    1.21993                 1.09253                         1.12761                         1.15321                         1.18178                         1.20019                         1.21229                         1.21993                         1.21032                         1.19051                         1.17431                         1.08640                         1.15947                                 0.47355             
1992    1.30173                 1.05860                         1.07711                         1.08363                         1.11441                         1.19308                         1.23857                         1.27915                         1.30173                         1.27726                         1.24611                         1.12521                         1.25714                                 0.48707             
1993    1.43954                 1.18100                         1.21000                         1.23359                         1.27925                         1.34391                         1.39536                         1.43439                         1.43954                         1.42215                         1.41649                         1.26084                         1.43506                                 0.53263             
1994    1.28812                 1.14834                         1.16996                         1.18025                         1.18095                         1.17874                         1.18475                         1.21528                         1.23172                         1.22725                         1.23835                         1.12951                         1.28535                                 0.47051             
1995    1.36790                 1.22963                         1.24790                         1.25248                         1.26246                         1.29152                         1.31465                         1.33876                         1.34341                         1.33581                         1.34225                         1.21867                         1.36790                                 0.50366             
1996    1.41300                 1.27101                         1.31031                         1.33447                         1.35346                         1.35907                         1.37346                         1.39050                         1.40536                         1.40929                         1.41300                         1.25588                         1.40931                                 0.54817             
1997    1.23424                 1.09358                         1.10685                         1.11643                         1.12360                         1.12595                         1.15253                         1.16522                         1.16988                         1.17997                         1.20187                         1.07075                         1.22177                                 0.46359             
1998    1.76352                 1.45282                         1.53475                         1.60573                         1.69466                         1.72624                         1.74572                         1.76352                         1.72480                         1.65085                         1.62920                         1.51269                         1.53775                                 0.66198             
1999    1.30894                 1.18257                         1.23457                         1.27195                         1.30894                         1.29124                         1.24658                         1.18850                         1.12799                         1.08738                         1.06716                         1.06150                         0.99136                                 0.46809             
2000    1.52452                 1.20521                         1.26169                         1.31677                         1.41193                         1.50049                         1.52452                         1.52316                         1.50055                         1.46563                         1.44760                         1.27708                         1.44680                                 0.54223             
2001    1.64168                 1.31253                         1.36597                         1.40753                         1.50513                         1.59977                         1.62682                         1.64168                         1.64152                         1.60946                         1.54910                         1.36693                         1.49011                                 0.58207             
2002    1.40894                 1.31587                         1.35244                         1.37988                         1.40187                         1.38795                         1.40894                         1.40595                         1.39441                         1.36970                         1.34672                         1.25473                         1.34338                                 0.55173             
2003    1.31802                 1.21215                         1.24283                         1.25953                         1.26759                         1.26056                         1.27502                         1.29786                         1.31528                         1.31802                         1.30165                         1.15079                         1.23197                                 0.54237             
2004    1.22192                 1.14478                         1.18028                         1.19852                         1.20088                         1.19822                         1.20081                         1.19380                         1.18193                         1.16781                         1.18034                         1.09539                         1.18381                                 0.50423             
2005    1.38689                 1.29159                         1.33160                         1.35523                         1.37433                         1.36920                         1.36957                         1.38689                         1.38633                         1.35887                         1.32397                         1.22492                         1.28769                                 0.56998             
2006    1.37847                 1.26993                         1.30899                         1.33239                         1.34149                         1.33957                         1.36131                         1.37847                         1.36845                         1.33766                         1.29662                         1.20971                         1.29599                                 0.53603             
2007    1.42122                 1.22028                         1.26048                         1.28425                         1.29536                         1.29828                         1.33246                         1.36263                         1.38771                         1.39938                         1.40531                         1.22487                         1.42122                                 0.56778             
2008    1.35084                 1.12437                         1.16424                         1.19257                         1.22677                         1.25047                         1.28021                         1.31429                         1.34418                         1.35084                         1.32698                         1.14741                         1.27032                                 0.56125             
2009    1.25587                 1.18932                         1.21275                         1.21960                         1.20274                         1.17158                         1.17161                         1.19538                         1.23307                         1.25587                         1.24024                         1.10648                         1.21699                                 0.49051             
2010    1.35875                 1.19071                         1.22224                         1.24063                         1.25347                         1.24475                         1.25925                         1.29207                         1.33657                         1.35875                         1.35350                         1.17320                         1.33859                                 0.50345             
2011    1.32974                 1.21516                         1.23375                         1.23848                         1.21918                         1.18301                         1.17053                         1.19748                         1.21335                         1.22431                         1.26233                         1.14244                         1.31263                                 0.50112             
2012    1.15062                 0.95496                         0.96777                         0.96682                         0.94923                         0.93428                         0.94467                         0.98732                         1.02369                         1.05263                         1.09977                         0.94702                         1.13986                                 0.41101             
2013    1.27750                 1.07882                         1.10096                         1.11212                         1.10973                         1.12166                         1.12840                         1.15009                         1.17892                         1.19628                         1.21466                         1.08220                         1.27130                                 0.45332             
2014    1.32950                 1.13189                         1.17341                         1.20731                         1.24426                         1.25351                         1.26607                         1.30370                         1.32950                         1.32674                         1.30920                         1.14601                         1.29712                                 0.50830             
2015    1.36277                 1.35241                         1.36277                         1.35664                         1.32437                         1.27948                         1.22817                         1.18889                         1.17051                         1.16759                         1.18349                         1.17337                         1.24070                                 0.47573             
2016    1.22415                 1.07696                         1.09266                         1.09138                         1.05977                         1.09352                         1.14498                         1.18541                         1.20830                         1.21991                         1.22236                         1.06941                         1.22415                                 0.49755             
2017    1.38230                 1.09493                         1.11873                         1.12895                         1.12731                         1.12272                         1.19657                         1.25791                         1.29982                         1.31797                         1.32185                         1.14521                         1.35204                                 0.51874             
2018    1.23812                 1.16029                         1.17257                         1.16623                         1.12783                         1.08202                         1.04762                         1.03311                         1.05296                         1.11553                         1.17871                         1.06456                         1.22950                                 0.48409             
