year    psi^min [10^11 kg/s]    psi^min(800 hPa) [10^11 kg/s]   psi^min(775 hPa) [10^11 kg/s]   psi^min(750 hPa) [10^11 kg/s]   psi^min(700 hPa) [10^11 kg/s]   psi^min(650 hPa) [10^11 kg/s]   psi^min(600 hPa) [10^11 kg/s]   psi^min(550 hPa) [10^11 kg/s]   psi^min(500 hPa) [10^11 kg/s]   psi^min(450 hPa) [10^11 kg/s]   psi^min(400 hPa) [10^11 kg/s]   <psi^min>_p [10^11 kg/s]        psi(phi^min, p^min) [10^11 kg/s]        psi_SHC [10^11 kg/s]
1979    -1.01321                -0.89931                        -0.94269                        -0.97774                        -1.01321                        -1.00918                        -0.98342                        -0.94696                        -0.90563                        -0.86882                        -0.83193                        -0.84193                        -0.96924                                -0.35360            
1980    -1.05959                -1.01017                        -1.03937                        -1.05584                        -1.05959                        -1.03288                        -0.98585                        -0.93232                        -0.87825                        -0.82928                        -0.79430                        -0.87232                        -1.05959                                -0.39907            
1981    -1.17321                -1.05682                        -1.10634                        -1.14105                        -1.17321                        -1.16239                        -1.11896                        -1.05811                        -1.00003                        -0.95497                        -0.92557                        -0.96418                        -1.17321                                -0.41039            
1982    -1.09559                -1.02452                        -1.06416                        -1.08820                        -1.09559                        -1.06365                        -1.02280                        -0.97887                        -0.93439                        -0.90154                        -0.88221                        -0.91689                        -1.08990                                -0.39736            
1983    -1.13027                -1.10704                        -1.12343                        -1.13027                        -1.12769                        -1.11429                        -1.09773                        -1.07377                        -1.04048                        -0.99760                        -0.94319                        -0.96732                        -1.06473                                -0.44179            
1984    -1.20134                -1.08171                        -1.13158                        -1.16580                        -1.20134                        -1.19883                        -1.18130                        -1.16638                        -1.14890                        -1.12633                        -1.09165                        -1.03513                        -1.17166                                -0.47125            
1985    -1.03285                -0.98222                        -1.00731                        -1.02383                        -1.03285                        -1.02228                        -1.00066                        -0.97447                        -0.94580                        -0.91661                        -0.88994                        -0.89053                        -1.01790                                -0.38004            
1986    -1.06355                -0.97652                        -1.01223                        -1.03917                        -1.06355                        -1.05346                        -1.02636                        -0.98548                        -0.93738                        -0.89996                        -0.86858                        -0.89053                        -1.04462                                -0.39240            
1987    -1.06573                -0.97318                        -1.01957                        -1.05276                        -1.06573                        -1.03027                        -0.98723                        -0.95033                        -0.92705                        -0.90860                        -0.88189                        -0.88485                        -1.06512                                -0.43682            
1988    -0.84563                -0.76904                        -0.78445                        -0.80655                        -0.83462                        -0.84563                        -0.83892                        -0.83109                        -0.82508                        -0.81375                        -0.79598                        -0.75547                        -0.81052                                -0.36220            
1989    -1.11558                -1.06251                        -1.09164                        -1.10940                        -1.11558                        -1.10000                        -1.08101                        -1.06285                        -1.04714                        -1.03064                        -1.00843                        -0.97540                        -1.01215                                -0.41711            
1990    -1.04374                -0.97917                        -1.01370                        -1.03536                        -1.04374                        -1.01576                        -0.96909                        -0.93055                        -0.91063                        -0.91592                        -0.93729                        -0.91708                        -1.03093                                -0.41291            
1991    -0.98482                -0.86970                        -0.91111                        -0.94334                        -0.98070                        -0.98482                        -0.96646                        -0.94240                        -0.92029                        -0.91257                        -0.91069                        -0.85236                        -0.98070                                -0.40382            
1992    -1.06738                -1.00361                        -1.03618                        -1.05673                        -1.06738                        -1.04946                        -1.01276                        -0.97413                        -0.94728                        -0.92538                        -0.89934                        -0.91072                        -1.06738                                -0.41656            
1993    -1.26145                -1.11662                        -1.17516                        -1.21705                        -1.25898                        -1.26145                        -1.24508                        -1.21899                        -1.18807                        -1.15974                        -1.13288                        -1.07796                        -1.25898                                -0.47630            
1994    -1.15555                -1.04724                        -1.09682                        -1.13291                        -1.15555                        -1.12737                        -1.10518                        -1.07791                        -1.05554                        -1.03311                        -1.01801                        -0.98493                        -1.13313                                -0.43771            
1995    -0.98844                -0.85854                        -0.90214                        -0.93668                        -0.97923                        -0.98844                        -0.97652                        -0.95487                        -0.92581                        -0.90415                        -0.90217                        -0.87028                        -0.94624                                -0.39389            
1996    -1.25339                -1.14081                        -1.18372                        -1.21737                        -1.25282                        -1.25339                        -1.23443                        -1.20593                        -1.16996                        -1.13554                        -1.11812                        -1.06798                        -1.25282                                -0.48372            
1997    -1.12668                -1.02263                        -1.06021                        -1.09147                        -1.12253                        -1.12668                        -1.11840                        -1.09649                        -1.06192                        -1.04127                        -1.04672                        -1.00397                        -1.10204                                -0.45915            
1998    -1.23012                -1.13039                        -1.17521                        -1.20593                        -1.23012                        -1.21899                        -1.19174                        -1.15662                        -1.12047                        -1.08944                        -1.05956                        -1.05016                        -1.19304                                -0.44483            
1999    -1.27788                -1.10047                        -1.16469                        -1.21436                        -1.27047                        -1.27788                        -1.25142                        -1.21112                        -1.16498                        -1.12074                        -1.08388                        -1.04012                        -1.26967                                -0.43553            
2000    -1.13424                -1.00156                        -1.03480                        -1.06230                        -1.10148                        -1.12614                        -1.13424                        -1.12835                        -1.11290                        -1.09794                        -1.08369                        -0.98415                        -1.01735                                -0.46697            
2001    -1.31121                -1.18823                        -1.24188                        -1.27697                        -1.31121                        -1.31101                        -1.28884                        -1.25473                        -1.21770                        -1.18991                        -1.16115                        -1.11979                        -1.31121                                -0.47948            
2002    -1.30643                -1.11654                        -1.18299                        -1.23531                        -1.29669                        -1.30643                        -1.28211                        -1.25185                        -1.22351                        -1.19681                        -1.16023                        -1.08481                        -1.28810                                -0.48276            
2003    -1.24301                -1.10690                        -1.16401                        -1.20407                        -1.24163                        -1.24301                        -1.22364                        -1.19211                        -1.14599                        -1.09760                        -1.06096                        -1.04276                        -1.24163                                -0.45014            
2004    -1.13130                -1.05649                        -1.09349                        -1.11576                        -1.13130                        -1.12516                        -1.10752                        -1.08657                        -1.06614                        -1.04267                        -1.02140                        -0.99181                        -1.12800                                -0.44332            
2005    -1.25403                -1.13912                        -1.19043                        -1.22766                        -1.25403                        -1.22257                        -1.16047                        -1.09314                        -1.02460                        -0.96308                        -0.90708                        -0.96285                        -1.24172                                -0.44992            
2006    -1.09722                -1.03958                        -1.07084                        -1.08658                        -1.09722                        -1.08508                        -1.06229                        -1.03654                        -1.00209                        -0.96730                        -0.93968                        -0.93554                        -1.07798                                -0.41859            
2007    -1.17932                -1.03450                        -1.08581                        -1.12445                        -1.16823                        -1.17932                        -1.16625                        -1.14068                        -1.10447                        -1.06888                        -1.04214                        -0.99951                        -1.16823                                -0.42910            
2008    -1.17468                -1.07445                        -1.11985                        -1.15056                        -1.17468                        -1.16011                        -1.13101                        -1.10124                        -1.07093                        -1.04757                        -1.04298                        -1.01005                        -1.15522                                -0.40842            
2009    -1.11411                -1.00180                        -1.04676                        -1.07837                        -1.11160                        -1.11411                        -1.09605                        -1.07534                        -1.04948                        -1.01665                        -0.98757                        -0.96188                        -1.07800                                -0.42694            
2010    -1.42005                -1.24274                        -1.31135                        -1.36711                        -1.42005                        -1.41216                        -1.36860                        -1.32262                        -1.28147                        -1.23387                        -1.19089                        -1.16001                        -1.39462                                -0.54293            
2011    -1.14559                -1.07195                        -1.11277                        -1.13481                        -1.14559                        -1.13492                        -1.11427                        -1.08676                        -1.05335                        -1.01754                        -0.99336                        -0.97471                        -1.14559                                -0.43698            
2012    -1.01100                -0.94600                        -0.97948                        -0.99879                        -1.01100                        -1.00242                        -0.98741                        -0.96943                        -0.94906                        -0.93277                        -0.92340                        -0.88538                        -0.99932                                -0.41416            
2013    -1.18190                -1.06250                        -1.11626                        -1.15203                        -1.18190                        -1.17187                        -1.13338                        -1.07756                        -1.02117                        -0.98209                        -0.96242                        -0.95409                        -1.16635                                -0.44656            
2014    -1.28317                -1.07173                        -1.13528                        -1.18728                        -1.25596                        -1.28317                        -1.27971                        -1.24148                        -1.17070                        -1.09229                        -1.03367                        -1.03397                        -1.25596                                -0.46310            
2015    -1.04178                -0.93821                        -0.98475                        -1.01601                        -1.04178                        -1.03133                        -1.01685                        -0.99945                        -0.97604                        -0.94356                        -0.90604                        -0.86631                        -1.01051                                -0.43077            
2016    -1.11958                -1.01174                        -1.06019                        -1.09295                        -1.11958                        -1.10371                        -1.06363                        -1.01929                        -0.98644                        -0.97102                        -0.96229                        -0.93410                        -1.10873                                -0.40869            
2017    -1.21207                -1.10718                        -1.14961                        -1.17865                        -1.21011                        -1.21207                        -1.20025                        -1.18262                        -1.15954                        -1.13680                        -1.11311                        -1.05501                        -1.19075                                -0.44970            
2018    -1.14843                -0.97947                        -1.02378                        -1.05870                        -1.10823                        -1.13655                        -1.14843                        -1.14151                        -1.12045                        -1.09299                        -1.05517                        -0.97243                        -1.10131                                -0.46345            
