year    psi^min [10^11 kg/s]    psi^min(800 hPa) [10^11 kg/s]   psi^min(775 hPa) [10^11 kg/s]   psi^min(750 hPa) [10^11 kg/s]   psi^min(700 hPa) [10^11 kg/s]   psi^min(650 hPa) [10^11 kg/s]   psi^min(600 hPa) [10^11 kg/s]   psi^min(550 hPa) [10^11 kg/s]   psi^min(500 hPa) [10^11 kg/s]   psi^min(450 hPa) [10^11 kg/s]   psi^min(400 hPa) [10^11 kg/s]   <psi^min>_p [10^11 kg/s]        psi(phi^min, p^min) [10^11 kg/s]        psi_SHC [10^11 kg/s]
1979.0  -0.45856                -0.33508                        -0.33034                        -0.32422                        -0.31536                        -0.32236                        -0.32380                        -0.31351                        -0.29505                        -0.27697                        -0.25945                        -0.27522                        -0.29336                                -0.15867            
1980.0  -0.43191                -0.38846                        -0.38532                        -0.38769                        -0.40494                        -0.42180                        -0.43099                        -0.43131                        -0.42343                        -0.40945                        -0.39052                        -0.37548                        -0.42018                                -0.20014            
1981.0  -0.66054                -0.61582                        -0.62167                        -0.62973                        -0.64805                        -0.65953                        -0.66054                        -0.65717                        -0.65371                        -0.65363                        -0.64725                        -0.59392                        -0.64853                                -0.28739            
1982.0  -0.67254                -0.55593                        -0.55958                        -0.56715                        -0.59334                        -0.62710                        -0.65362                        -0.66872                        -0.67254                        -0.66372                        -0.63905                        -0.59296                        -0.64798                                -0.32201            
1983.0  -0.51880                -0.38525                        -0.38505                        -0.38677                        -0.39875                        -0.41922                        -0.44467                        -0.47138                        -0.49460                        -0.51517                        -0.51880                        -0.42614                        -0.49449                                -0.20688            
1984.0  -0.54419                -0.34571                        -0.33961                        -0.33036                        -0.31245                        -0.29941                        -0.30097                        -0.31432                        -0.33653                        -0.35891                        -0.37292                        -0.32426                        -0.28965                                -0.18323            
1985.0  -0.64703                -0.33235                        -0.33879                        -0.34637                        -0.36873                        -0.39368                        -0.41776                        -0.44147                        -0.46150                        -0.46902                        -0.45720                        -0.37884                        -0.45573                                -0.19634            
1986.0  -0.58672                -0.55946                        -0.55269                        -0.54696                        -0.54453                        -0.55216                        -0.56216                        -0.57061                        -0.57716                        -0.58529                        -0.58672                        -0.53989                        -0.57716                                -0.24881            
1987.0  -0.69658                -0.64135                        -0.64483                        -0.64854                        -0.65596                        -0.65987                        -0.66455                        -0.67689                        -0.69173                        -0.69658                        -0.68342                        -0.61673                        -0.67625                                -0.28286            
1988.0  -0.60621                -0.56742                        -0.57561                        -0.58198                        -0.58836                        -0.58550                        -0.57779                        -0.56895                        -0.55739                        -0.54276                        -0.51656                        -0.49301                        -0.52285                                -0.25639            
1989.0  -0.56652                -0.53592                        -0.53596                        -0.53290                        -0.52230                        -0.51060                        -0.50800                        -0.51816                        -0.53177                        -0.54321                        -0.54689                        -0.49587                        -0.51883                                -0.25036            
1990.0  -0.65003                -0.57409                        -0.57857                        -0.58072                        -0.59044                        -0.61868                        -0.64023                        -0.65003                        -0.64803                        -0.63349                        -0.60222                        -0.55473                        -0.64268                                -0.28044            
1991.0  -0.58717                -0.40489                        -0.39263                        -0.38093                        -0.36343                        -0.36022                        -0.35567                        -0.34763                        -0.33418                        -0.31768                        -0.30181                        -0.34258                        -0.33418                                -0.19120            
1992.0  -0.59198                -0.58566                        -0.58593                        -0.58570                        -0.58650                        -0.59095                        -0.59198                        -0.59030                        -0.58575                        -0.57291                        -0.54701                        -0.52797                        -0.57150                                -0.22859            
1993.0  -0.70387                -0.69384                        -0.68805                        -0.68679                        -0.69223                        -0.69995                        -0.70387                        -0.70236                        -0.69319                        -0.67285                        -0.63939                        -0.63024                        -0.66925                                -0.30131            
1994.0  -0.58126                -0.58079                        -0.57644                        -0.57138                        -0.56474                        -0.56132                        -0.55701                        -0.54505                        -0.52428                        -0.49787                        -0.46895                        -0.49651                        -0.49514                                -0.27830            
1995.0  -0.39071                -0.27683                        -0.26126                        -0.24583                        -0.25479                        -0.27402                        -0.29267                        -0.30556                        -0.30940                        -0.30494                        -0.29599                        -0.27565                        -0.30759                                -0.13960            
1996.0  -0.48378                -0.43694                        -0.42552                        -0.41496                        -0.39875                        -0.39407                        -0.38985                        -0.38289                        -0.37126                        -0.35976                        -0.34788                        -0.36178                        -0.37126                                -0.17821            
1997.0  -0.61027                -0.60480                        -0.59927                        -0.59350                        -0.58560                        -0.59130                        -0.60082                        -0.60827                        -0.61027                        -0.60283                        -0.57909                        -0.54667                        -0.61027                                -0.27451            
1998.0  -0.62931                -0.36198                        -0.35254                        -0.34528                        -0.33814                        -0.33847                        -0.34583                        -0.36177                        -0.37600                        -0.37630                        -0.36279                        -0.32783                        -0.37600                                -0.17062            
1999.0  -0.60982                -0.40073                        -0.39988                        -0.39767                        -0.39878                        -0.39736                        -0.39468                        -0.39314                        -0.39298                        -0.38210                        -0.35888                        -0.34517                        -0.38748                                -0.18965            
2000.0  -0.52294                -0.39767                        -0.39571                        -0.39319                        -0.38738                        -0.38167                        -0.38046                        -0.38230                        -0.37825                        -0.36899                        -0.35969                        -0.34064                        -0.29719                                -0.17654            
2001.0  -0.45237                -0.35867                        -0.36095                        -0.36262                        -0.36975                        -0.38106                        -0.39894                        -0.42005                        -0.43925                        -0.45237                        -0.45036                        -0.36913                        -0.43575                                -0.18738            
2002.0  -0.60872                -0.43556                        -0.44717                        -0.46092                        -0.49157                        -0.52550                        -0.56265                        -0.59537                        -0.60872                        -0.59312                        -0.55136                        -0.48233                        -0.57711                                -0.24623            
2003.0  -0.55419                -0.54377                        -0.52735                        -0.50816                        -0.47090                        -0.44329                        -0.42561                        -0.41507                        -0.40487                        -0.39176                        -0.37054                        -0.39830                        -0.39934                                -0.21647            
2004.0  -0.53273                -0.50861                        -0.49238                        -0.47309                        -0.43471                        -0.40601                        -0.39659                        -0.40837                        -0.42730                        -0.44554                        -0.45258                        -0.42351                        -0.42730                                -0.21984            
2005.0  -0.55752                -0.41838                        -0.41294                        -0.40973                        -0.41778                        -0.44385                        -0.48175                        -0.52053                        -0.54728                        -0.55752                        -0.55689                        -0.45339                        -0.52874                                -0.21111            
2006.0  -0.60261                -0.48795                        -0.47035                        -0.45964                        -0.46009                        -0.48164                        -0.52252                        -0.56321                        -0.58677                        -0.58640                        -0.56573                        -0.49321                        -0.58318                                -0.25147            
2007.0  -0.47067                -0.46717                        -0.45881                        -0.45084                        -0.44249                        -0.44512                        -0.45338                        -0.45930                        -0.46111                        -0.46037                        -0.45629                        -0.41727                        -0.43907                                -0.22234            
2008.0  -0.47017                -0.26842                        -0.26531                        -0.26857                        -0.30334                        -0.35436                        -0.40539                        -0.44163                        -0.45169                        -0.43499                        -0.40592                        -0.34009                        -0.43793                                -0.18210            
2009.0  -0.55838                -0.53259                        -0.51875                        -0.50770                        -0.49576                        -0.49968                        -0.51820                        -0.54286                        -0.55838                        -0.55774                        -0.53512                        -0.49377                        -0.55838                                -0.24357            
2010.0  -0.53417                -0.39384                        -0.39124                        -0.39194                        -0.40118                        -0.41778                        -0.44311                        -0.48052                        -0.51288                        -0.52918                        -0.53417                        -0.43837                        -0.50129                                -0.21318            
2011.0  -0.64566                -0.34913                        -0.33564                        -0.33780                        -0.35223                        -0.37605                        -0.39970                        -0.42026                        -0.43409                        -0.44242                        -0.45185                        -0.38367                        -0.43409                                -0.20511            
2012.0  -0.56249                -0.52025                        -0.51132                        -0.50358                        -0.51395                        -0.53305                        -0.55217                        -0.56249                        -0.55985                        -0.54434                        -0.51907                        -0.48837                        -0.55562                                -0.25277            
2013.0  -0.57684                -0.47463                        -0.46671                        -0.45849                        -0.45117                        -0.46047                        -0.48028                        -0.49708                        -0.50081                        -0.49152                        -0.48069                        -0.44906                        -0.49094                                -0.20288            
2014.0  -0.58118                -0.48820                        -0.47323                        -0.46208                        -0.44815                        -0.44733                        -0.45968                        -0.48277                        -0.51010                        -0.54141                        -0.56890                        -0.48009                        -0.51010                                -0.24390            
2015.0  -0.66665                -0.60431                        -0.59741                        -0.59065                        -0.58794                        -0.59570                        -0.61321                        -0.63529                        -0.65770                        -0.66665                        -0.65540                        -0.60137                        -0.63783                                -0.29636            
2016.0  -0.57199                -0.43141                        -0.40349                        -0.37744                        -0.34253                        -0.33986                        -0.36690                        -0.40719                        -0.44101                        -0.46202                        -0.47248                        -0.39771                        -0.43426                                -0.20913            
2017.0  -0.63580                -0.30792                        -0.28173                        -0.25896                        -0.23094                        -0.22864                        -0.24356                        -0.26530                        -0.28117                        -0.28172                        -0.26635                        -0.25279                        -0.28117                                -0.14168            
2018.0  -0.54593                -0.51422                        -0.51363                        -0.51274                        -0.51300                        -0.51478                        -0.52216                        -0.52860                        -0.52622                        -0.51730                        -0.50892                        -0.47508                        -0.52084                                -0.23486            
