year    psi^min [10^11 kg/s]    psi^min(800 hPa) [10^11 kg/s]   psi^min(775 hPa) [10^11 kg/s]   psi^min(750 hPa) [10^11 kg/s]   psi^min(700 hPa) [10^11 kg/s]   psi^min(650 hPa) [10^11 kg/s]   psi^min(600 hPa) [10^11 kg/s]   psi^min(550 hPa) [10^11 kg/s]   psi^min(500 hPa) [10^11 kg/s]   psi^min(450 hPa) [10^11 kg/s]   psi^min(400 hPa) [10^11 kg/s]   <psi^min>_p [10^11 kg/s]        psi(phi^min, p^min) [10^11 kg/s]        psi_SHC [10^11 kg/s]
1979.0  -1.56839                -1.45395                        -1.50559                        -1.54241                        -1.56839                        -1.54481                        -1.50314                        -1.47086                        -1.45181                        -1.43671                        -1.41485                        -1.35939                        -1.56839                                -0.62527            
1980.0  -1.98569                -1.79278                        -1.87390                        -1.93085                        -1.98569                        -1.97745                        -1.93563                        -1.89476                        -1.85466                        -1.80256                        -1.71474                        -1.65218                        -1.98569                                -0.77531            
1981.0  -1.95508                -1.73796                        -1.82872                        -1.89288                        -1.95508                        -1.94684                        -1.90621                        -1.86732                        -1.82674                        -1.77705                        -1.70838                        -1.62135                        -1.90796                                -0.70062            
1982.0  -1.91176                -1.67638                        -1.76701                        -1.83583                        -1.90965                        -1.91176                        -1.88380                        -1.85693                        -1.82471                        -1.76990                        -1.68721                        -1.60277                        -1.85376                                -0.74687            
1983.0  -1.66122                -1.56307                        -1.60433                        -1.63368                        -1.66122                        -1.65411                        -1.63290                        -1.61876                        -1.60802                        -1.58386                        -1.53453                        -1.46201                        -1.65290                                -0.64751            
1984.0  -1.62987                -1.47078                        -1.53338                        -1.57828                        -1.62578                        -1.62987                        -1.60773                        -1.58600                        -1.57037                        -1.54237                        -1.48077                        -1.39635                        -1.60946                                -0.60257            
1985.0  -1.47217                -1.40650                        -1.44293                        -1.46598                        -1.47217                        -1.43418                        -1.38333                        -1.34911                        -1.33655                        -1.33560                        -1.32097                        -1.25338                        -1.46521                                -0.55932            
1986.0  -1.56163                -1.40138                        -1.46634                        -1.51887                        -1.56163                        -1.53527                        -1.49261                        -1.47528                        -1.47717                        -1.47976                        -1.46676                        -1.35072                        -1.49655                                -0.64173            
1987.0  -1.65383                -1.49789                        -1.56127                        -1.60811                        -1.65383                        -1.64045                        -1.59142                        -1.53713                        -1.48627                        -1.44038                        -1.38389                        -1.35491                        -1.64552                                -0.61904            
1988.0  -1.56785                -1.45592                        -1.50496                        -1.54076                        -1.56785                        -1.54784                        -1.51604                        -1.50049                        -1.50120                        -1.48972                        -1.43809                        -1.34868                        -1.54488                                -0.60722            
1989.0  -1.68952                -1.55088                        -1.61244                        -1.65407                        -1.68952                        -1.67242                        -1.63134                        -1.59345                        -1.54477                        -1.48095                        -1.40380                        -1.38870                        -1.68952                                -0.63284            
1990.0  -1.88169                -1.70498                        -1.77549                        -1.82820                        -1.88169                        -1.87503                        -1.83522                        -1.78705                        -1.73159                        -1.66135                        -1.56231                        -1.53235                        -1.88169                                -0.71359            
1991.0  -1.85631                -1.63995                        -1.72166                        -1.78450                        -1.85365                        -1.85631                        -1.82330                        -1.79161                        -1.76100                        -1.71180                        -1.63609                        -1.56890                        -1.82774                                -0.66934            
1992.0  -1.73279                -1.60768                        -1.66201                        -1.69953                        -1.73279                        -1.71847                        -1.68314                        -1.64852                        -1.61132                        -1.56570                        -1.50591                        -1.45552                        -1.73030                                -0.63987            
1993.0  -1.82267                -1.66495                        -1.73154                        -1.77830                        -1.82267                        -1.80548                        -1.76083                        -1.71391                        -1.66990                        -1.61992                        -1.56109                        -1.52368                        -1.82040                                -0.67268            
1994.0  -1.75194                -1.57595                        -1.64613                        -1.69657                        -1.75029                        -1.75194                        -1.72654                        -1.69975                        -1.66983                        -1.63388                        -1.58619                        -1.49518                        -1.75029                                -0.67506            
1995.0  -1.52480                -1.37600                        -1.42395                        -1.46184                        -1.51137                        -1.52480                        -1.51378                        -1.48890                        -1.45620                        -1.42762                        -1.40695                        -1.31418                        -1.50566                                -0.59685            
1996.0  -1.56310                -1.45704                        -1.50681                        -1.53814                        -1.56310                        -1.54612                        -1.51174                        -1.48105                        -1.45355                        -1.43434                        -1.43095                        -1.36004                        -1.56310                                -0.60493            
1997.0  -1.64618                -1.49603                        -1.56312                        -1.61175                        -1.64618                        -1.60194                        -1.52813                        -1.47974                        -1.46187                        -1.45142                        -1.43729                        -1.37487                        -1.57327                                -0.60242            
1998.0  -1.61628                -1.56556                        -1.60113                        -1.61628                        -1.61369                        -1.57197                        -1.51021                        -1.45352                        -1.41004                        -1.36317                        -1.29987                        -1.33370                        -1.59575                                -0.57978            
1999.0  -1.71413                -1.56145                        -1.62567                        -1.67210                        -1.71413                        -1.69540                        -1.65106                        -1.61105                        -1.56124                        -1.50100                        -1.43130                        -1.39352                        -1.67779                                -0.60080            
2000.0  -1.70346                -1.57202                        -1.63160                        -1.67091                        -1.70346                        -1.69152                        -1.66728                        -1.64614                        -1.61234                        -1.56860                        -1.52028                        -1.45012                        -1.70346                                -0.68361            
2001.0  -1.60203                -1.46896                        -1.52671                        -1.57018                        -1.60203                        -1.57199                        -1.51662                        -1.48024                        -1.45512                        -1.42010                        -1.37095                        -1.32414                        -1.58408                                -0.60212            
2002.0  -1.48847                -1.36819                        -1.42445                        -1.46016                        -1.48847                        -1.45760                        -1.40122                        -1.34861                        -1.29724                        -1.24438                        -1.20442                        -1.20759                        -1.48103                                -0.58125            
2003.0  -1.55117                -1.42292                        -1.48466                        -1.52516                        -1.55117                        -1.51851                        -1.46003                        -1.40070                        -1.34197                        -1.28515                        -1.22925                        -1.24693                        -1.55117                                -0.61003            
2004.0  -1.65422                -1.57561                        -1.62776                        -1.65422                        -1.65217                        -1.59294                        -1.51640                        -1.44934                        -1.39080                        -1.34981                        -1.34221                        -1.36434                        -1.65217                                -0.62670            
2005.0  -1.60460                -1.54653                        -1.58717                        -1.60460                        -1.60232                        -1.54706                        -1.47243                        -1.40633                        -1.34526                        -1.28488                        -1.24378                        -1.30623                        -1.60232                                -0.60579            
2006.0  -1.42736                -1.32333                        -1.37140                        -1.40521                        -1.42736                        -1.39482                        -1.34578                        -1.29988                        -1.25586                        -1.20401                        -1.16441                        -1.19306                        -1.42227                                -0.58727            
2007.0  -1.65604                -1.55909                        -1.61038                        -1.63991                        -1.65604                        -1.63297                        -1.60128                        -1.58168                        -1.55566                        -1.50481                        -1.45546                        -1.42669                        -1.65404                                -0.64692            
2008.0  -1.70527                -1.51558                        -1.58997                        -1.64439                        -1.70527                        -1.70354                        -1.66902                        -1.62508                        -1.56303                        -1.50144                        -1.48953                        -1.44679                        -1.63122                                -0.65661            
2009.0  -1.41689                -1.35143                        -1.38751                        -1.40868                        -1.41689                        -1.39663                        -1.36984                        -1.34516                        -1.31266                        -1.26651                        -1.21850                        -1.22420                        -1.40702                                -0.53236            
2010.0  -1.67618                -1.59675                        -1.64699                        -1.67325                        -1.67618                        -1.62357                        -1.54480                        -1.45912                        -1.36963                        -1.27695                        -1.21295                        -1.35100                        -1.67618                                -0.62779            
2011.0  -1.99461                -1.82807                        -1.90498                        -1.95568                        -1.99461                        -1.96139                        -1.88449                        -1.79930                        -1.71046                        -1.62705                        -1.58789                        -1.64894                        -1.95099                                -0.74326            
2012.0  -1.74046                -1.63641                        -1.69126                        -1.72149                        -1.74046                        -1.69987                        -1.62485                        -1.54341                        -1.47307                        -1.41260                        -1.36823                        -1.41665                        -1.71832                                -0.65128            
2013.0  -1.61758                -1.57990                        -1.60896                        -1.61758                        -1.58744                        -1.53076                        -1.46973                        -1.41480                        -1.36777                        -1.33169                        -1.31821                        -1.33754                        -1.56244                                -0.62326            
2014.0  -1.73453                -1.65604                        -1.70486                        -1.73224                        -1.73453                        -1.68376                        -1.61961                        -1.56082                        -1.50657                        -1.44862                        -1.39667                        -1.43129                        -1.73453                                -0.66001            
2015.0  -1.87971                -1.74578                        -1.81004                        -1.85117                        -1.87971                        -1.84691                        -1.76816                        -1.67486                        -1.57962                        -1.49970                        -1.44372                        -1.51552                        -1.86803                                -0.72000            
2016.0  -1.50295                -1.42918                        -1.47333                        -1.50013                        -1.50295                        -1.45650                        -1.38753                        -1.32137                        -1.27326                        -1.23987                        -1.22229                        -1.25672                        -1.50295                                -0.59766            
2017.0  -1.81806                -1.74225                        -1.79054                        -1.81275                        -1.81806                        -1.76639                        -1.68221                        -1.59356                        -1.51836                        -1.45761                        -1.41563                        -1.47891                        -1.81806                                -0.66092            
2018.0  -1.81134                -1.67644                        -1.73540                        -1.77988                        -1.81134                        -1.78017                        -1.71860                        -1.65227                        -1.58420                        -1.52017                        -1.46661                        -1.47532                        -1.80390                                -0.68611            
