year    psi^min [10^11 kg/s]    psi^min(800 hPa) [10^11 kg/s]   psi^min(775 hPa) [10^11 kg/s]   psi^min(750 hPa) [10^11 kg/s]   psi^min(700 hPa) [10^11 kg/s]   psi^min(650 hPa) [10^11 kg/s]   psi^min(600 hPa) [10^11 kg/s]   psi^min(550 hPa) [10^11 kg/s]   psi^min(500 hPa) [10^11 kg/s]   psi^min(450 hPa) [10^11 kg/s]   psi^min(400 hPa) [10^11 kg/s]   <psi^min>_p [10^11 kg/s]        psi(phi^min, p^min) [10^11 kg/s]        psi_SHC [10^11 kg/s]
1979.0  -2.89452                -2.48599                        -2.63029                        -2.75091                        -2.89452                        -2.88001                        -2.78468                        -2.69460                        -2.63622                        -2.60352                        -2.58324                        -2.39304                        -2.88122                                -1.02629            
1980.0  -2.69938                -2.36398                        -2.47711                        -2.57276                        -2.69938                        -2.68286                        -2.60439                        -2.53359                        -2.47274                        -2.40487                        -2.32185                        -2.21250                        -2.69267                                -0.96105            
1981.0  -2.66075                -2.35293                        -2.46877                        -2.55829                        -2.66075                        -2.64724                        -2.58301                        -2.50494                        -2.42882                        -2.37002                        -2.29141                        -2.19563                        -2.66075                                -0.97885            
1982.0  -2.56018                -2.19247                        -2.33740                        -2.44824                        -2.56018                        -2.53342                        -2.43929                        -2.36384                        -2.33468                        -2.34406                        -2.32891                        -2.10811                        -2.55286                                -0.94347            
1983.0  -2.66584                -2.42126                        -2.52323                        -2.60093                        -2.66584                        -2.63674                        -2.54460                        -2.45980                        -2.40424                        -2.35339                        -2.29244                        -2.19754                        -2.60234                                -0.91700            
1984.0  -2.38634                -2.15082                        -2.26027                        -2.33193                        -2.38634                        -2.36956                        -2.32477                        -2.27522                        -2.23722                        -2.20022                        -2.12949                        -1.98788                        -2.32425                                -0.85748            
1985.0  -2.36334                -2.05616                        -2.16414                        -2.24509                        -2.34608                        -2.36334                        -2.33866                        -2.31877                        -2.31383                        -2.31961                        -2.29752                        -2.05456                        -2.34608                                -0.90408            
1986.0  -2.42503                -2.17333                        -2.27927                        -2.35101                        -2.42503                        -2.39551                        -2.34542                        -2.33495                        -2.36812                        -2.38515                        -2.33597                        -2.08186                        -2.42041                                -0.93099            
1987.0  -2.51977                -2.25488                        -2.35610                        -2.42653                        -2.51977                        -2.49117                        -2.40506                        -2.33998                        -2.31483                        -2.31488                        -2.29945                        -2.12374                        -2.51977                                -0.91138            
1988.0  -2.59107                -2.24096                        -2.34789                        -2.43025                        -2.54597                        -2.59107                        -2.57883                        -2.54942                        -2.52309                        -2.49637                        -2.43545                        -2.21288                        -2.52488                                -1.00412            
1989.0  -2.56512                -2.17485                        -2.32555                        -2.43988                        -2.56158                        -2.56512                        -2.51205                        -2.45017                        -2.39446                        -2.33823                        -2.26078                        -2.11742                        -2.54274                                -0.94873            
1990.0  -2.48856                -2.15443                        -2.27519                        -2.36810                        -2.47531                        -2.48856                        -2.45805                        -2.42315                        -2.37462                        -2.30846                        -2.23629                        -2.08670                        -2.47118                                -0.93078            
1991.0  -2.69188                -2.31194                        -2.44263                        -2.56414                        -2.69188                        -2.68958                        -2.62489                        -2.55526                        -2.49542                        -2.43935                        -2.36176                        -2.21322                        -2.67936                                -0.97280            
1992.0  -2.68304                -2.40179                        -2.51311                        -2.60087                        -2.68304                        -2.67426                        -2.61435                        -2.53688                        -2.44833                        -2.34955                        -2.25413                        -2.16986                        -2.61946                                -0.98548            
1993.0  -2.56687                -2.28074                        -2.39985                        -2.48718                        -2.56687                        -2.55761                        -2.48842                        -2.40442                        -2.32483                        -2.25587                        -2.17744                        -2.06941                        -2.54451                                -0.90082            
1994.0  -2.59721                -2.31302                        -2.42785                        -2.51186                        -2.59721                        -2.59145                        -2.52779                        -2.46050                        -2.39977                        -2.33894                        -2.28414                        -2.16591                        -2.59079                                -0.97964            
1995.0  -2.41832                -2.10635                        -2.21055                        -2.29013                        -2.38999                        -2.41832                        -2.39339                        -2.35608                        -2.32987                        -2.32393                        -2.32946                        -2.06878                        -2.38999                                -0.93840            
1996.0  -2.45553                -2.14582                        -2.24795                        -2.35227                        -2.45553                        -2.43605                        -2.36690                        -2.30552                        -2.25000                        -2.21941                        -2.25145                        -2.07079                        -2.44930                                -0.87110            
1997.0  -2.88771                -2.57979                        -2.70785                        -2.79674                        -2.88771                        -2.84595                        -2.74553                        -2.65600                        -2.59047                        -2.51298                        -2.41024                        -2.35420                        -2.88771                                -0.96420            
1998.0  -2.30529                -2.17464                        -2.24688                        -2.28956                        -2.30529                        -2.25012                        -2.17142                        -2.09546                        -2.01726                        -1.94254                        -1.89849                        -1.90942                        -2.21967                                -0.84153            
1999.0  -2.62353                -2.30758                        -2.43301                        -2.52245                        -2.62353                        -2.61156                        -2.54491                        -2.47438                        -2.40109                        -2.32907                        -2.27013                        -2.16027                        -2.62353                                -0.93332            
2000.0  -2.35299                -2.07014                        -2.17928                        -2.26241                        -2.35299                        -2.33903                        -2.28304                        -2.24035                        -2.20627                        -2.17210                        -2.13665                        -1.97441                        -2.35299                                -0.84866            
2001.0  -2.53177                -2.14027                        -2.28453                        -2.40359                        -2.53177                        -2.51494                        -2.42212                        -2.32290                        -2.22926                        -2.15491                        -2.12005                        -2.00563                        -2.53177                                -0.85845            
2002.0  -2.41958                -2.04467                        -2.17196                        -2.29114                        -2.41958                        -2.39854                        -2.29121                        -2.17319                        -2.06939                        -2.00246                        -1.97650                        -1.93775                        -2.41471                                -0.87277            
2003.0  -2.65753                -2.33282                        -2.45283                        -2.53317                        -2.65753                        -2.65094                        -2.54295                        -2.40931                        -2.28779                        -2.22127                        -2.22886                        -2.13375                        -2.65434                                -0.94622            
2004.0  -2.33550                -1.97304                        -2.10540                        -2.21988                        -2.33550                        -2.31608                        -2.23381                        -2.14988                        -2.07956                        -2.05374                        -2.08674                        -1.93337                        -2.32083                                -0.81216            
2005.0  -2.66629                -2.41927                        -2.53438                        -2.61336                        -2.66629                        -2.60776                        -2.48951                        -2.37422                        -2.26678                        -2.18060                        -2.17358                        -2.17170                        -2.64941                                -0.96394            
2006.0  -2.58121                -2.24805                        -2.38131                        -2.48089                        -2.58121                        -2.55173                        -2.44493                        -2.32460                        -2.22587                        -2.15244                        -2.10923                        -2.06782                        -2.57862                                -0.90545            
2007.0  -2.44087                -2.11686                        -2.23135                        -2.32893                        -2.44087                        -2.42970                        -2.34643                        -2.25408                        -2.16657                        -2.10509                        -2.08732                        -1.97928                        -2.44087                                -0.84911            
2008.0  -2.69850                -2.30349                        -2.43337                        -2.54258                        -2.68249                        -2.69850                        -2.63533                        -2.54327                        -2.43254                        -2.32554                        -2.28576                        -2.21049                        -2.67959                                -0.93648            
2009.0  -2.86184                -2.54641                        -2.67512                        -2.77154                        -2.86184                        -2.81843                        -2.69836                        -2.55569                        -2.41316                        -2.31591                        -2.30955                        -2.29901                        -2.86184                                -0.98978            
2010.0  -2.60296                -2.29680                        -2.40909                        -2.48383                        -2.57851                        -2.60296                        -2.55609                        -2.49367                        -2.42379                        -2.36633                        -2.35489                        -2.20417                        -2.57724                                -0.98026            
2011.0  -2.85200                -2.46651                        -2.61926                        -2.73797                        -2.85200                        -2.82115                        -2.72601                        -2.63507                        -2.55827                        -2.51235                        -2.50957                        -2.35822                        -2.84590                                -0.97884            
2012.0  -2.66842                -2.28466                        -2.40946                        -2.52051                        -2.66842                        -2.66789                        -2.57354                        -2.45226                        -2.33773                        -2.27234                        -2.27415                        -2.17784                        -2.66842                                -0.91850            
2013.0  -2.33418                -2.06264                        -2.16044                        -2.23261                        -2.32597                        -2.33418                        -2.27127                        -2.18922                        -2.11278                        -2.05900                        -2.03050                        -1.95207                        -2.32160                                -0.90018            
2014.0  -2.95545                -2.52622                        -2.66125                        -2.80383                        -2.95545                        -2.92217                        -2.75781                        -2.55959                        -2.39449                        -2.29060                        -2.28232                        -2.31440                        -2.91977                                -1.00441            
2015.0  -2.93896                -2.48524                        -2.65761                        -2.79193                        -2.93896                        -2.92047                        -2.77621                        -2.58128                        -2.38676                        -2.24726                        -2.21683                        -2.27996                        -2.89770                                -0.93557            
2016.0  -2.44968                -2.16040                        -2.25293                        -2.34361                        -2.44968                        -2.42532                        -2.30517                        -2.14675                        -2.04783                        -2.01286                        -2.01914                        -1.99138                        -2.38969                                -0.90402            
2017.0  -2.98431                -2.67693                        -2.80363                        -2.89407                        -2.98431                        -2.96178                        -2.86524                        -2.75110                        -2.63390                        -2.52724                        -2.45712                        -2.40865                        -2.96992                                -1.03999            
2018.0  -2.99084                -2.56830                        -2.71445                        -2.85319                        -2.99084                        -2.94126                        -2.76094                        -2.55602                        -2.39723                        -2.29565                        -2.25751                        -2.30067                        -2.98593                                -0.98295            
