year    psi^max [10^11 kg/s]    psi^max(800 hPa) [10^11 kg/s]   psi^max(775 hPa) [10^11 kg/s]   psi^max(750 hPa) [10^11 kg/s]   psi^max(700 hPa) [10^11 kg/s]   psi^max(650 hPa) [10^11 kg/s]   psi^max(600 hPa) [10^11 kg/s]   psi^max(550 hPa) [10^11 kg/s]   psi^max(500 hPa) [10^11 kg/s]   psi^max(450 hPa) [10^11 kg/s]   psi^max(400 hPa) [10^11 kg/s]   <psi^max>_p [10^11 kg/s]        psi(phi^max, p^max) [10^11 kg/s]        psi_NHC [10^11 kg/s]
1979.0  1.25601                 1.09474                         1.11689                         1.13073                         1.13978                         1.14596                         1.17710                         1.22190                         1.25601                         1.25057                         1.21025                         1.08893                         1.22187                                 0.48364             
1980.0  1.32424                 1.02370                         1.06341                         1.09547                         1.15157                         1.19460                         1.24894                         1.29834                         1.32424                         1.31152                         1.25662                         1.09992                         1.29834                                 0.52845             
1981.0  1.20901                 1.09554                         1.13054                         1.15927                         1.19696                         1.20901                         1.20698                         1.20430                         1.19758                         1.16903                         1.10404                         1.05078                         1.19517                                 0.49292             
1982.0  1.22056                 0.98022                         1.01484                         1.04327                         1.09903                         1.16015                         1.19391                         1.21329                         1.22056                         1.20212                         1.14844                         1.03943                         1.21329                                 0.44529             
1983.0  1.57615                 1.26867                         1.31973                         1.36874                         1.46014                         1.51753                         1.54599                         1.56801                         1.57615                         1.55866                         1.52867                         1.37264                         1.42699                                 0.59200             
1984.0  1.36487                 0.96926                         1.01514                         1.06242                         1.16107                         1.25710                         1.31031                         1.34772                         1.36487                         1.35313                         1.32391                         1.13157                         1.34616                                 0.47075             
1985.0  1.01533                 0.98266                         1.00112                         1.01288                         1.01533                         0.99314                         0.96585                         0.94731                         0.92542                         0.89730                         0.87314                         0.88702                         0.93508                                 0.43918             
1986.0  1.23940                 1.00497                         1.03245                         1.05455                         1.09344                         1.14753                         1.20176                         1.23324                         1.23940                         1.22278                         1.19109                         1.05108                         1.23324                                 0.47743             
1987.0  1.41808                 1.19099                         1.23494                         1.26522                         1.29222                         1.34481                         1.37964                         1.40219                         1.41808                         1.40319                         1.34680                         1.20049                         1.36124                                 0.54039             
1988.0  1.36492                 1.00651                         1.05478                         1.09519                         1.15011                         1.22948                         1.30500                         1.35406                         1.36492                         1.32486                         1.23837                         1.09400                         1.35099                                 0.51937             
1989.0  1.29672                 1.11189                         1.16003                         1.19694                         1.24032                         1.25322                         1.27685                         1.29672                         1.28714                         1.24205                         1.18299                         1.10637                         1.29672                                 0.53453             
1990.0  1.23807                 0.99653                         1.03494                         1.06262                         1.09904                         1.12740                         1.17207                         1.20989                         1.23727                         1.23807                         1.20290                         1.04869                         1.20989                                 0.51059             
1991.0  1.38092                 1.11050                         1.15459                         1.19166                         1.24983                         1.30167                         1.35457                         1.38092                         1.36994                         1.31680                         1.23328                         1.13455                         1.37862                                 0.53287             
1992.0  1.38960                 1.03094                         1.07231                         1.10895                         1.22527                         1.31287                         1.35588                         1.38357                         1.38960                         1.34772                         1.26502                         1.14049                         1.35707                                 0.51885             
1993.0  1.42089                 1.14268                         1.18777                         1.22741                         1.31293                         1.37810                         1.40698                         1.42089                         1.40607                         1.35525                         1.29216                         1.19569                         1.41016                                 0.53195             
1994.0  1.31004                 1.16259                         1.19200                         1.21141                         1.22985                         1.23643                         1.26276                         1.30908                         1.31004                         1.26263                         1.19772                         1.13003                         1.30908                                 0.45800             
1995.0  1.31828                 1.09475                         1.11229                         1.12979                         1.16074                         1.20390                         1.25451                         1.29810                         1.31828                         1.30102                         1.26703                         1.13260                         1.29810                                 0.46604             
1996.0  1.20168                 1.00424                         1.03249                         1.06014                         1.09852                         1.12976                         1.16578                         1.19306                         1.20168                         1.18235                         1.14796                         1.02592                         1.19306                                 0.44589             
1997.0  1.08710                 0.91813                         0.93447                         0.95084                         0.99038                         1.02436                         1.05626                         1.08161                         1.08710                         1.07251                         1.05091                         0.94779                         1.07646                                 0.41375             
1998.0  1.35000                 1.16222                         1.19518                         1.22734                         1.29054                         1.33377                         1.34868                         1.35000                         1.32879                         1.27450                         1.22200                         1.16496                         1.24826                                 0.54902             
1999.0  1.08945                 0.96110                         1.00394                         1.03821                         1.08028                         1.08945                         1.08272                         1.07555                         1.03941                         0.97733                         0.90406                         0.89109                         1.04226                                 0.39886             
2000.0  1.33185                 1.01860                         1.06631                         1.10442                         1.17232                         1.26128                         1.31322                         1.33185                         1.31064                         1.25617                         1.18466                         1.06051                         1.33185                                 0.48369             
2001.0  1.40173                 1.12430                         1.16133                         1.18755                         1.24683                         1.33643                         1.38154                         1.40173                         1.39432                         1.35141                         1.27097                         1.13039                         1.39632                                 0.49699             
2002.0  1.28881                 1.21724                         1.23882                         1.24846                         1.24703                         1.24093                         1.25717                         1.28771                         1.28881                         1.24937                         1.18741                         1.13328                         1.28489                                 0.50017             
2003.0  1.17158                 1.01413                         1.03162                         1.03932                         1.04533                         1.04914                         1.10204                         1.15507                         1.17158                         1.14500                         1.09113                         0.98410                         1.15507                                 0.46098             
2004.0  1.10986                 1.03437                         1.05460                         1.06330                         1.06452                         1.09240                         1.10986                         1.10718                         1.09384                         1.07117                         1.05941                         1.00381                         1.10718                                 0.44993             
2005.0  1.41363                 1.26851                         1.30377                         1.32759                         1.34451                         1.38998                         1.41108                         1.41363                         1.39684                         1.34421                         1.27472                         1.21434                         1.40621                                 0.53118             
2006.0  1.34927                 1.29222                         1.32843                         1.34850                         1.34927                         1.34196                         1.34858                         1.33607                         1.30895                         1.26469                         1.22330                         1.19310                         1.31078                                 0.50181             
2007.0  1.39313                 1.22803                         1.26334                         1.28776                         1.32145                         1.35161                         1.38086                         1.39313                         1.38025                         1.33471                         1.28295                         1.20874                         1.39313                                 0.53634             
2008.0  1.35306                 1.10136                         1.14604                         1.18198                         1.23433                         1.29747                         1.34098                         1.35306                         1.33763                         1.29440                         1.24261                         1.13814                         1.35306                                 0.54076             
2009.0  1.37292                 1.23238                         1.26517                         1.28619                         1.30588                         1.34977                         1.37292                         1.37161                         1.35880                         1.32394                         1.26429                         1.18627                         1.37161                                 0.50752             
2010.0  1.46110                 1.18153                         1.22156                         1.25349                         1.30183                         1.35158                         1.39890                         1.43915                         1.46110                         1.43083                         1.35519                         1.22409                         1.41211                                 0.51285             
2011.0  1.32155                 1.18041                         1.21713                         1.24103                         1.26120                         1.26455                         1.27921                         1.29436                         1.28638                         1.26437                         1.26231                         1.18141                         1.29140                                 0.49876             
2012.0  1.20860                 1.00491                         1.03486                         1.05489                         1.07558                         1.09271                         1.14623                         1.19193                         1.20860                         1.19601                         1.18281                         1.05556                         1.19193                                 0.44213             
2013.0  1.26951                 1.05111                         1.08375                         1.10856                         1.15899                         1.20828                         1.23370                         1.24672                         1.25312                         1.24790                         1.24067                         1.11835                         1.22472                                 0.45721             
2014.0  1.40877                 1.13246                         1.15520                         1.16792                         1.23927                         1.33675                         1.39163                         1.40877                         1.38182                         1.32290                         1.26882                         1.16435                         1.40877                                 0.52262             
2015.0  1.44327                 1.39944                         1.43084                         1.44327                         1.42677                         1.37036                         1.30702                         1.24759                         1.19635                         1.15659                         1.15894                         1.21398                         1.24240                                 0.48478             
2016.0  1.23098                 1.11883                         1.13670                         1.14901                         1.18723                         1.23098                         1.22692                         1.20061                         1.16621                         1.12355                         1.09064                         1.07409                         1.16939                                 0.49957             
2017.0  1.35686                 1.13250                         1.17097                         1.20340                         1.25447                         1.34048                         1.35686                         1.32390                         1.26443                         1.20128                         1.16529                         1.14559                         1.29493                                 0.50977             
2018.0  1.27889                 1.23159                         1.26336                         1.27889                         1.27179                         1.23593                         1.19252                         1.16847                         1.14415                         1.11610                         1.09162                         1.09608                         1.12283                                 0.49791             
