year    psi^max [10^11 kg/s]    psi^max(800 hPa) [10^11 kg/s]   psi^max(775 hPa) [10^11 kg/s]   psi^max(750 hPa) [10^11 kg/s]   psi^max(700 hPa) [10^11 kg/s]   psi^max(650 hPa) [10^11 kg/s]   psi^max(600 hPa) [10^11 kg/s]   psi^max(550 hPa) [10^11 kg/s]   psi^max(500 hPa) [10^11 kg/s]   psi^max(450 hPa) [10^11 kg/s]   psi^max(400 hPa) [10^11 kg/s]   <psi^max>_p [10^11 kg/s]        psi(phi^max, p^max) [10^11 kg/s]        psi_NHC [10^11 kg/s]
1979.0  0.95787                 0.89135                         0.91396                         0.92858                         0.95110                         0.95787                         0.94533                         0.92962                         0.91258                         0.88925                         0.85648                         0.83208                         0.93706                                 0.38989             
1980.0  0.88084                 0.82731                         0.85170                         0.86784                         0.88084                         0.87735                         0.87344                         0.87451                         0.86803                         0.85235                         0.82972                         0.77875                         0.88084                                 0.39643             
1981.0  1.05960                 0.96816                         1.00548                         1.03259                         1.05960                         1.05648                         1.04411                         1.02553                         0.99930                         0.95602                         0.89452                         0.87790                         1.05960                                 0.41718             
1982.0  0.82162                 0.72763                         0.75052                         0.76826                         0.80387                         0.82143                         0.82162                         0.81398                         0.79890                         0.77975                         0.75776                         0.72165                         0.78030                                 0.35778             
1983.0  1.06275                 1.00667                         1.03932                         1.05742                         1.06275                         1.04553                         1.02189                         0.99418                         0.95974                         0.92008                         0.87430                         0.87627                         1.06275                                 0.42236             
1984.0  0.93740                 0.90629                         0.92705                         0.93740                         0.93239                         0.90572                         0.87843                         0.85853                         0.83689                         0.80966                         0.77614                         0.78606                         0.92541                                 0.36991             
1985.0  0.96226                 0.93612                         0.95604                         0.96226                         0.94735                         0.91238                         0.87868                         0.85116                         0.82021                         0.78860                         0.75972                         0.78533                         0.93926                                 0.37897             
1986.0  1.00871                 0.97590                         0.99550                         1.00829                         1.00871                         0.99271                         0.96909                         0.94861                         0.93303                         0.92617                         0.92002                         0.87937                         0.99178                                 0.38123             
1987.0  0.87613                 0.83499                         0.85831                         0.87201                         0.87613                         0.85863                         0.83776                         0.82465                         0.81764                         0.80569                         0.78644                         0.75785                         0.86771                                 0.36378             
1988.0  0.97407                 0.89787                         0.93300                         0.95601                         0.97407                         0.96574                         0.95023                         0.93476                         0.91144                         0.87866                         0.83693                         0.81428                         0.97407                                 0.35856             
1989.0  0.99280                 0.92844                         0.96009                         0.97999                         0.99280                         0.97856                         0.95193                         0.92471                         0.89474                         0.85530                         0.80191                         0.80625                         0.99280                                 0.41109             
1990.0  0.96883                 0.88107                         0.91794                         0.94519                         0.96883                         0.96349                         0.95331                         0.94405                         0.92855                         0.90210                         0.86429                         0.81752                         0.96637                                 0.40351             
1991.0  0.94000                 0.86590                         0.89621                         0.91980                         0.94000                         0.92921                         0.90725                         0.88754                         0.86514                         0.83338                         0.79033                         0.78040                         0.94000                                 0.38188             
1992.0  1.01990                 0.95416                         0.98756                         1.00849                         1.01990                         1.00102                         0.97099                         0.93871                         0.90254                         0.86354                         0.81691                         0.82023                         1.01990                                 0.39630             
1993.0  0.93536                 0.91050                         0.92828                         0.93536                         0.92784                         0.89380                         0.85775                         0.83279                         0.80746                         0.77953                         0.74369                         0.76529                         0.92014                                 0.34272             
1994.0  0.86013                 0.82478                         0.84795                         0.86013                         0.85782                         0.83023                         0.80034                         0.78365                         0.76958                         0.74943                         0.72155                         0.71831                         0.85782                                 0.36956             
1995.0  0.90361                 0.87063                         0.89302                         0.90361                         0.89815                         0.86848                         0.83588                         0.81367                         0.79528                         0.76976                         0.73001                         0.73327                         0.89815                                 0.35110             
1996.0  0.94478                 0.92217                         0.93856                         0.94478                         0.93749                         0.91128                         0.87904                         0.84754                         0.81363                         0.77926                         0.74045                         0.76074                         0.93463                                 0.33900             
1997.0  0.81791                 0.74970                         0.76351                         0.77310                         0.79311                         0.80836                         0.81501                         0.81791                         0.80514                         0.77598                         0.73464                         0.70784                         0.72074                                 0.33141             
1998.0  0.85570                 0.83836                         0.85268                         0.85570                         0.84022                         0.81153                         0.79202                         0.78680                         0.77568                         0.74485                         0.69474                         0.69801                         0.83679                                 0.32891             
1999.0  0.84688                 0.79198                         0.81693                         0.83406                         0.84688                         0.84016                         0.82845                         0.81536                         0.78956                         0.75051                         0.70658                         0.69614                         0.82850                                 0.32561             
2000.0  0.88056                 0.83606                         0.85837                         0.87359                         0.88056                         0.86266                         0.83474                         0.80748                         0.77600                         0.73609                         0.69135                         0.71110                         0.88056                                 0.35035             
2001.0  0.96175                 0.90861                         0.93963                         0.95764                         0.96175                         0.93431                         0.89878                         0.86902                         0.83614                         0.79550                         0.74686                         0.76033                         0.95275                                 0.37304             
2002.0  0.89054                 0.83031                         0.85956                         0.87852                         0.89054                         0.87788                         0.86165                         0.85322                         0.84693                         0.83564                         0.81290                         0.76155                         0.87098                                 0.33508             
2003.0  0.82239                 0.78135                         0.80609                         0.82017                         0.82239                         0.80000                         0.77385                         0.75443                         0.73371                         0.70316                         0.65998                         0.66737                         0.82239                                 0.32486             
2004.0  0.92724                 0.89576                         0.91829                         0.92724                         0.92234                         0.88753                         0.84513                         0.80844                         0.77646                         0.74806                         0.72627                         0.75304                         0.91504                                 0.35109             
2005.0  0.94106                 0.89443                         0.92059                         0.93564                         0.94106                         0.92233                         0.89399                         0.86837                         0.84528                         0.81027                         0.75889                         0.76104                         0.93051                                 0.37652             
2006.0  0.81550                 0.79946                         0.81242                         0.81550                         0.80536                         0.78155                         0.75811                         0.74289                         0.72603                         0.70050                         0.67167                         0.67922                         0.80289                                 0.31897             
2007.0  0.98365                 0.90902                         0.94429                         0.96696                         0.98365                         0.97661                         0.96258                         0.94742                         0.92573                         0.89343                         0.85095                         0.81678                         0.98365                                 0.43005             
2008.0  1.04720                 0.99246                         1.02302                         1.04023                         1.04720                         1.03447                         1.01952                         1.00900                         0.99568                         0.96891                         0.92717                         0.88925                         1.04720                                 0.46198             
2009.0  0.93135                 0.85462                         0.88688                         0.90971                         0.93135                         0.93039                         0.92068                         0.91511                         0.90869                         0.89108                         0.87454                         0.82054                         0.91196                                 0.37539             
2010.0  0.95881                 0.90241                         0.93414                         0.95278                         0.95881                         0.93571                         0.90577                         0.88530                         0.86744                         0.84096                         0.80129                         0.78470                         0.95881                                 0.36856             
2011.0  1.06559                 1.00558                         1.03766                         1.05670                         1.06559                         1.04791                         1.02203                         1.00043                         0.97807                         0.94681                         0.90216                         0.88293                         1.06559                                 0.43287             
2012.0  0.91603                 0.82759                         0.86123                         0.88555                         0.91282                         0.91603                         0.91155                         0.90446                         0.88979                         0.86623                         0.84215                         0.79420                         0.90947                                 0.36803             
2013.0  0.98994                 0.94067                         0.96736                         0.98252                         0.98994                         0.98054                         0.97061                         0.96147                         0.94198                         0.90786                         0.86208                         0.83699                         0.98736                                 0.41215             
2014.0  0.86546                 0.82702                         0.84482                         0.85638                         0.86546                         0.86182                         0.85366                         0.84762                         0.83917                         0.82737                         0.81788                         0.77665                         0.85293                                 0.40379             
2015.0  0.79370                 0.78550                         0.79370                         0.79162                         0.77916                         0.75870                         0.74540                         0.74121                         0.74016                         0.72941                         0.71261                         0.69957                         0.77916                                 0.31847             
2016.0  0.96912                 0.93656                         0.96139                         0.96912                         0.94779                         0.89991                         0.85324                         0.81904                         0.79249                         0.77291                         0.75153                         0.77167                         0.94779                                 0.37247             
2017.0  1.02388                 0.99154                         1.01399                         1.02388                         1.02340                         1.01057                         0.99848                         0.98581                         0.96272                         0.92585                         0.87252                         0.85978                         1.01533                                 0.41025             
2018.0  0.96310                 0.90590                         0.93384                         0.95134                         0.96310                         0.94692                         0.92221                         0.90460                         0.88219                         0.84799                         0.81100                         0.80971                         0.96310                                 0.36981             
