year    psi^max [10^11 kg/s]    psi^max(800 hPa) [10^11 kg/s]   psi^max(775 hPa) [10^11 kg/s]   psi^max(750 hPa) [10^11 kg/s]   psi^max(700 hPa) [10^11 kg/s]   psi^max(650 hPa) [10^11 kg/s]   psi^max(600 hPa) [10^11 kg/s]   psi^max(550 hPa) [10^11 kg/s]   psi^max(500 hPa) [10^11 kg/s]   psi^max(450 hPa) [10^11 kg/s]   psi^max(400 hPa) [10^11 kg/s]   <psi^max>_p [10^11 kg/s]        psi(phi^max, p^max) [10^11 kg/s]        psi_NHC [10^11 kg/s]
1979.0  0.60379                 0.51084                         0.54909                         0.57716                         0.60379                         0.59566                         0.56139                         0.50896                         0.45074                         0.40095                         0.35944                         0.41021                         0.60379                                 0.21907             
1980.0  0.71632                 0.39729                         0.42379                         0.44142                         0.45052                         0.42956                         0.39931                         0.36840                         0.32855                         0.27482                         0.22702                         0.30255                         0.43729                                 0.15978             
1981.0  0.54569                 0.48308                         0.51401                         0.53453                         0.54569                         0.52785                         0.49215                         0.45470                         0.41299                         0.36324                         0.30981                         0.36485                         0.54569                                 0.19433             
1982.0  0.66675                 0.59222                         0.62289                         0.64615                         0.66675                         0.65224                         0.61231                         0.55688                         0.49181                         0.43505                         0.37746                         0.46031                         0.66675                                 0.24609             
1983.0  0.49714                 0.44501                         0.46636                         0.48085                         0.49714                         0.49590                         0.48159                         0.46123                         0.43667                         0.40402                         0.36842                         0.37639                         0.49302                                 0.19204             
1984.0  0.54176                 0.47877                         0.50788                         0.52756                         0.54176                         0.52772                         0.49816                         0.46776                         0.44240                         0.41304                         0.36962                         0.39191                         0.54176                                 0.20200             
1985.0  0.60607                 0.50595                         0.53764                         0.56034                         0.58058                         0.57516                         0.55022                         0.50851                         0.45472                         0.40045                         0.34902                         0.39634                         0.58058                                 0.21581             
1986.0  0.59370                 0.50836                         0.54086                         0.56618                         0.59370                         0.59102                         0.56743                         0.53146                         0.48397                         0.42616                         0.36826                         0.40753                         0.58732                                 0.22257             
1987.0  0.46303                 0.40602                         0.41748                         0.42202                         0.41391                         0.39007                         0.36211                         0.33936                         0.33423                         0.33485                         0.32345                         0.32763                         0.39466                                 0.13886             
1988.0  0.46840                 0.40702                         0.43291                         0.44858                         0.45689                         0.45020                         0.44050                         0.42510                         0.40367                         0.37107                         0.33004                         0.33073                         0.43879                                 0.18644             
1989.0  0.56062                 0.47399                         0.50642                         0.52946                         0.55763                         0.56062                         0.54713                         0.51979                         0.48379                         0.44115                         0.39621                         0.40864                         0.54673                                 0.21688             
1990.0  0.58121                 0.50457                         0.53790                         0.56080                         0.58121                         0.57617                         0.55539                         0.52838                         0.50034                         0.47216                         0.43733                         0.43472                         0.58121                                 0.23784             
1991.0  0.56983                 0.47535                         0.50150                         0.51629                         0.51828                         0.49343                         0.45853                         0.42274                         0.38483                         0.34204                         0.30613                         0.36045                         0.51828                                 0.19451             
1992.0  0.58167                 0.53612                         0.56481                         0.58134                         0.58167                         0.55157                         0.50967                         0.45866                         0.40574                         0.35062                         0.30283                         0.38313                         0.58167                                 0.21067             
1993.0  0.55084                 0.41810                         0.43332                         0.43784                         0.41730                         0.36809                         0.31271                         0.26970                         0.25267                         0.24878                         0.25415                         0.28919                         0.40678                                 0.14553             
1994.0  0.64359                 0.56923                         0.59546                         0.60993                         0.60897                         0.58294                         0.54528                         0.50715                         0.47329                         0.43057                         0.38243                         0.42741                         0.60887                                 0.22877             
1995.0  0.59735                 0.41445                         0.42879                         0.43636                         0.43333                         0.41129                         0.38435                         0.35465                         0.31841                         0.27896                         0.28177                         0.31297                         0.42313                                 0.16753             
1996.0  0.53775                 0.32527                         0.34401                         0.35738                         0.37209                         0.36984                         0.39225                         0.41381                         0.41707                         0.39576                         0.35019                         0.30230                         0.35195                                 0.17834             
1997.0  0.48730                 0.45658                         0.47599                         0.48711                         0.48730                         0.46525                         0.43566                         0.40850                         0.38710                         0.35209                         0.31876                         0.35109                         0.48730                                 0.18567             
1998.0  0.61560                 0.45591                         0.47477                         0.48561                         0.48449                         0.46807                         0.44220                         0.40992                         0.37166                         0.33100                         0.31817                         0.35356                         0.39517                                 0.18157             
1999.0  0.55169                 0.33761                         0.37000                         0.39435                         0.42569                         0.43741                         0.43623                         0.42854                         0.40533                         0.37725                         0.34046                         0.32320                         0.40741                                 0.18455             
2000.0  0.57152                 0.46415                         0.50413                         0.53557                         0.57107                         0.57152                         0.54589                         0.50660                         0.46474                         0.41772                         0.36975                         0.40481                         0.57107                                 0.21486             
2001.0  0.65736                 0.57985                         0.61664                         0.64135                         0.65736                         0.64007                         0.60780                         0.57435                         0.53046                         0.47480                         0.42002                         0.46662                         0.65736                                 0.22351             
2002.0  0.59419                 0.50164                         0.53686                         0.56317                         0.59419                         0.59183                         0.56139                         0.52334                         0.47824                         0.42760                         0.36809                         0.41000                         0.58869                                 0.20991             
2003.0  0.52540                 0.46026                         0.49104                         0.51198                         0.52540                         0.50503                         0.46358                         0.41656                         0.36982                         0.32470                         0.28481                         0.35006                         0.52540                                 0.17517             
2004.0  0.54408                 0.45734                         0.49222                         0.51777                         0.54408                         0.53986                         0.51807                         0.48691                         0.45455                         0.41023                         0.36291                         0.38457                         0.54408                                 0.19862             
2005.0  0.53632                 0.48171                         0.51196                         0.53122                         0.53632                         0.50496                         0.45821                         0.41296                         0.37686                         0.33883                         0.30485                         0.36127                         0.53436                                 0.20132             
2006.0  0.58400                 0.50228                         0.53610                         0.56071                         0.58400                         0.58068                         0.56770                         0.54209                         0.50283                         0.45807                         0.41257                         0.43054                         0.58400                                 0.23902             
2007.0  0.68541                 0.49398                         0.52398                         0.54758                         0.57909                         0.58351                         0.57120                         0.54242                         0.50506                         0.46599                         0.43074                         0.44396                         0.57909                                 0.21342             
2008.0  0.53735                 0.43478                         0.46316                         0.48178                         0.49186                         0.47910                         0.47165                         0.46223                         0.44030                         0.40314                         0.35584                         0.36470                         0.49186                                 0.19583             
2009.0  0.66750                 0.59553                         0.62836                         0.65005                         0.66750                         0.65513                         0.61789                         0.56991                         0.52276                         0.48089                         0.45035                         0.49928                         0.66750                                 0.23889             
2010.0  0.57189                 0.50485                         0.53387                         0.55445                         0.57189                         0.55769                         0.51888                         0.47172                         0.43230                         0.41316                         0.40429                         0.43107                         0.57189                                 0.22198             
2011.0  0.53255                 0.47771                         0.50200                         0.51815                         0.53255                         0.52971                         0.51745                         0.50190                         0.48475                         0.46567                         0.44306                         0.43413                         0.53255                                 0.20335             
2012.0  0.63922                 0.55728                         0.59299                         0.61775                         0.63922                         0.63097                         0.60664                         0.58546                         0.56438                         0.53516                         0.50023                         0.49440                         0.62860                                 0.23413             
2013.0  0.53737                 0.47585                         0.50548                         0.52472                         0.53737                         0.52304                         0.49133                         0.45246                         0.42627                         0.40550                         0.37962                         0.39575                         0.53724                                 0.19865             
2014.0  0.48564                 0.42672                         0.45081                         0.46861                         0.48564                         0.47959                         0.46321                         0.44482                         0.42144                         0.38793                         0.35616                         0.37315                         0.48091                                 0.19232             
2015.0  0.46713                 0.44533                         0.46153                         0.46713                         0.45747                         0.44953                         0.43883                         0.43373                         0.41519                         0.38457                         0.35203                         0.37911                         0.45514                                 0.18935             
2016.0  0.63854                 0.57340                         0.60263                         0.62160                         0.63854                         0.63807                         0.62807                         0.61478                         0.58876                         0.55392                         0.52164                         0.51433                         0.63029                                 0.25739             
2017.0  0.48995                 0.45043                         0.47464                         0.48851                         0.48995                         0.46666                         0.43457                         0.40187                         0.36739                         0.33128                         0.29821                         0.34433                         0.48995                                 0.18115             
2018.0  0.73579                 0.64533                         0.68735                         0.71616                         0.73579                         0.71207                         0.66419                         0.61159                         0.56118                         0.50825                         0.45876                         0.52475                         0.73579                                 0.24048             
