year    psi^max [10^11 kg/s]    psi^max(800 hPa) [10^11 kg/s]   psi^max(775 hPa) [10^11 kg/s]   psi^max(750 hPa) [10^11 kg/s]   psi^max(700 hPa) [10^11 kg/s]   psi^max(650 hPa) [10^11 kg/s]   psi^max(600 hPa) [10^11 kg/s]   psi^max(550 hPa) [10^11 kg/s]   psi^max(500 hPa) [10^11 kg/s]   psi^max(450 hPa) [10^11 kg/s]   psi^max(400 hPa) [10^11 kg/s]   <psi^max>_p [10^11 kg/s]        psi(phi^max, p^max) [10^11 kg/s]        psi_NHC [10^11 kg/s]
1979.0  0.41880                 0.35117                         0.36643                         0.37312                         0.36172                         0.32725                         0.28120                         0.23152                         0.18184                         0.15156                         0.15953                         0.22603                         0.36074                                 0.12051             
1980.0  0.49874                 0.35262                         0.37575                         0.39101                         0.39885                         0.37946                         0.34304                         0.30264                         0.28536                         0.28517                         0.27197                         0.28789                         0.39718                                 0.15270             
1981.0  0.53544                 0.46955                         0.49719                         0.51724                         0.53544                         0.52708                         0.50010                         0.46383                         0.41584                         0.36364                         0.30725                         0.36545                         0.52395                                 0.19047             
1982.0  0.47999                 0.41789                         0.42895                         0.43430                         0.42389                         0.39025                         0.36115                         0.35243                         0.35126                         0.34958                         0.33993                         0.34284                         0.41257                                 0.15959             
1983.0  0.55066                 0.51420                         0.53370                         0.54681                         0.55066                         0.53364                         0.50087                         0.46882                         0.44394                         0.42510                         0.40448                         0.43104                         0.44547                                 0.20887             
1984.0  0.43032                 0.38552                         0.40315                         0.41638                         0.42699                         0.41560                         0.39205                         0.36884                         0.33716                         0.29835                         0.25086                         0.29137                         0.38987                                 0.18073             
1985.0  0.41668                 0.39388                         0.40901                         0.41668                         0.41319                         0.38830                         0.35315                         0.32307                         0.30082                         0.27250                         0.23942                         0.28226                         0.41319                                 0.16444             
1986.0  0.53463                 0.41218                         0.42705                         0.43680                         0.44160                         0.42912                         0.40761                         0.38695                         0.36878                         0.34584                         0.31965                         0.33580                         0.43117                                 0.16136             
1987.0  0.41639                 0.37201                         0.39016                         0.40353                         0.41215                         0.39677                         0.37216                         0.36317                         0.36743                         0.36908                         0.36165                         0.33930                         0.36219                                 0.17890             
1988.0  0.57170                 0.41780                         0.43482                         0.44458                         0.44402                         0.42096                         0.38162                         0.33448                         0.29283                         0.25838                         0.22845                         0.29277                         0.44402                                 0.14759             
1989.0  0.61284                 0.53698                         0.56683                         0.58906                         0.61284                         0.61134                         0.59218                         0.56600                         0.53581                         0.50156                         0.45581                         0.46168                         0.60241                                 0.24990             
1990.0  0.62820                 0.43129                         0.45447                         0.46735                         0.46634                         0.43710                         0.39392                         0.34661                         0.29883                         0.25181                         0.20829                         0.29365                         0.46634                                 0.14952             
1991.0  0.47702                 0.31214                         0.32428                         0.32989                         0.32441                         0.30509                         0.28809                         0.28063                         0.27939                         0.26632                         0.23563                         0.23781                         0.29011                                 0.12321             
1992.0  0.61884                 0.51308                         0.53710                         0.55114                         0.54945                         0.51529                         0.46605                         0.41733                         0.37670                         0.35675                         0.33382                         0.38324                         0.52642                                 0.20234             
1993.0  0.49376                 0.30999                         0.31623                         0.31775                         0.30812                         0.28580                         0.25994                         0.25017                         0.25187                         0.25744                         0.25561                         0.25017                         0.28091                                 0.11037             
1994.0  0.55829                 0.52701                         0.54826                         0.55829                         0.54660                         0.50401                         0.44923                         0.39929                         0.36254                         0.32687                         0.27649                         0.35404                         0.54660                                 0.17999             
1995.0  0.49273                 0.43353                         0.44204                         0.44240                         0.42294                         0.38470                         0.34179                         0.30432                         0.28826                         0.29303                         0.27764                         0.29318                         0.42145                                 0.15027             
1996.0  0.41529                 0.40067                         0.41063                         0.41529                         0.40978                         0.38644                         0.35555                         0.31967                         0.28004                         0.24193                         0.21202                         0.28170                         0.40978                                 0.15212             
1997.0  0.51841                 0.42883                         0.43669                         0.43712                         0.42915                         0.40206                         0.36759                         0.33156                         0.31624                         0.30123                         0.27733                         0.30619                         0.42915                                 0.15421             
1998.0  0.61249                 0.30125                         0.30718                         0.30916                         0.29814                         0.27225                         0.25020                         0.23687                         0.21308                         0.20433                         0.20212                         0.20856                         0.27971                                 0.10593             
1999.0  0.54860                 0.42475                         0.45136                         0.46917                         0.48638                         0.47260                         0.43293                         0.39827                         0.37329                         0.35399                         0.34263                         0.35770                         0.47925                                 0.18772             
2000.0  0.54293                 0.41586                         0.45399                         0.48723                         0.53132                         0.54293                         0.52684                         0.49288                         0.44880                         0.40410                         0.36310                         0.38090                         0.52421                                 0.20000             
2001.0  0.59649                 0.48817                         0.52650                         0.55928                         0.59649                         0.59033                         0.54905                         0.49610                         0.44659                         0.40163                         0.35687                         0.40270                         0.58923                                 0.19220             
2002.0  0.58505                 0.39136                         0.41986                         0.44238                         0.46466                         0.45721                         0.42705                         0.38673                         0.34975                         0.31557                         0.29063                         0.31873                         0.46211                                 0.15736             
2003.0  0.61488                 0.39278                         0.40847                         0.41872                         0.42409                         0.41221                         0.38573                         0.35349                         0.32269                         0.28823                         0.26071                         0.30970                         0.42409                                 0.16266             
2004.0  0.51108                 0.30648                         0.32850                         0.34337                         0.35522                         0.34651                         0.32320                         0.30486                         0.27331                         0.24106                         0.21182                         0.24346                         0.35522                                 0.13536             
2005.0  0.60908                 0.36700                         0.38886                         0.40519                         0.41867                         0.41063                         0.39575                         0.38081                         0.36629                         0.34607                         0.31662                         0.31733                         0.41564                                 0.16357             
2006.0  0.49399                 0.45219                         0.47257                         0.48523                         0.49399                         0.48828                         0.47673                         0.46435                         0.45648                         0.44737                         0.43696                         0.41453                         0.49399                                 0.20652             
2007.0  0.61525                 0.28370                         0.29187                         0.29295                         0.27615                         0.29594                         0.29499                         0.27799                         0.25215                         0.22288                         0.18704                         0.22225                         0.26834                                 0.08988             
2008.0  0.53987                 0.45939                         0.49088                         0.51430                         0.53451                         0.52004                         0.48449                         0.43981                         0.40503                         0.37625                         0.35805                         0.38238                         0.53451                                 0.19319             
2009.0  0.56900                 0.44604                         0.46831                         0.48483                         0.50178                         0.49985                         0.48371                         0.46313                         0.44394                         0.43279                         0.42030                         0.40844                         0.48922                                 0.22576             
2010.0  0.50795                 0.42210                         0.43670                         0.44560                         0.45347                         0.44360                         0.42155                         0.39749                         0.37723                         0.36328                         0.35541                         0.36527                         0.44849                                 0.18876             
2011.0  0.51072                 0.43784                         0.45846                         0.47252                         0.48307                         0.47202                         0.44630                         0.41662                         0.39622                         0.38875                         0.38865                         0.39174                         0.48307                                 0.17816             
2012.0  0.58636                 0.45999                         0.47778                         0.48770                         0.48940                         0.47273                         0.44434                         0.41345                         0.39219                         0.38791                         0.38817                         0.38967                         0.48940                                 0.18124             
2013.0  0.60407                 0.43240                         0.44605                         0.45388                         0.45784                         0.45101                         0.43706                         0.41733                         0.39690                         0.37268                         0.35009                         0.37354                         0.45010                                 0.15876             
2014.0  0.65026                 0.44189                         0.45816                         0.46548                         0.45968                         0.43982                         0.41822                         0.39907                         0.38261                         0.36585                         0.34177                         0.36838                         0.44251                                 0.17389             
2015.0  0.51250                 0.48476                         0.50351                         0.51250                         0.50894                         0.48495                         0.45101                         0.41735                         0.38775                         0.36407                         0.34448                         0.37931                         0.50094                                 0.17098             
2016.0  0.50462                 0.42015                         0.43159                         0.43392                         0.41685                         0.37778                         0.32722                         0.27830                         0.26730                         0.25521                         0.24363                         0.29608                         0.41685                                 0.15306             
2017.0  0.66044                 0.47967                         0.49858                         0.50738                         0.50356                         0.48335                         0.46430                         0.44132                         0.41282                         0.37671                         0.34469                         0.38381                         0.50356                                 0.19064             
2018.0  0.69502                 0.63003                         0.66393                         0.68531                         0.69502                         0.66746                         0.62206                         0.57056                         0.51594                         0.46361                         0.41966                         0.48866                         0.69502                                 0.23695             
