year    psi^min [10^11 kg/s]    psi^min(800 hPa) [10^11 kg/s]   psi^min(775 hPa) [10^11 kg/s]   psi^min(750 hPa) [10^11 kg/s]   psi^min(700 hPa) [10^11 kg/s]   psi^min(650 hPa) [10^11 kg/s]   psi^min(600 hPa) [10^11 kg/s]   psi^min(550 hPa) [10^11 kg/s]   psi^min(500 hPa) [10^11 kg/s]   psi^min(450 hPa) [10^11 kg/s]   psi^min(400 hPa) [10^11 kg/s]   <psi^min>_p [10^11 kg/s]        psi(phi^min, p^min) [10^11 kg/s]        psi_SHC [10^11 kg/s]
1979    -0.52738                -0.52738                        -0.52269                        -0.51416                        -0.49119                        -0.46600                        -0.45008                        -0.44548                        -0.44584                        -0.44950                        -0.44550                        -0.43374                        -0.41361                                -0.23830            
1980    -0.44830                -0.34141                        -0.34486                        -0.35295                        -0.37599                        -0.40023                        -0.41933                        -0.43141                        -0.43930                        -0.44784                        -0.44830                        -0.38159                        -0.40330                                -0.22277            
1981    -0.59723                -0.48373                        -0.49603                        -0.50863                        -0.53485                        -0.55856                        -0.57743                        -0.59075                        -0.59723                        -0.59657                        -0.58309                        -0.50216                        -0.58563                                -0.28285            
1982    -0.57750                -0.46101                        -0.47000                        -0.48452                        -0.51360                        -0.54319                        -0.56529                        -0.57665                        -0.57750                        -0.57011                        -0.56060                        -0.49244                        -0.56540                                -0.27196            
1983    -0.63639                -0.49872                        -0.49617                        -0.49429                        -0.49485                        -0.51007                        -0.54593                        -0.57925                        -0.60772                        -0.63124                        -0.63639                        -0.53684                        -0.57358                                -0.28992            
1984    -0.44128                -0.30036                        -0.29507                        -0.29322                        -0.30039                        -0.31736                        -0.33888                        -0.36137                        -0.38673                        -0.41158                        -0.42830                        -0.34261                        -0.37270                                -0.19962            
1985    -0.47271                -0.44209                        -0.45127                        -0.45765                        -0.46653                        -0.46865                        -0.47003                        -0.47271                        -0.47196                        -0.46919                        -0.45934                        -0.42310                        -0.45172                                -0.22102            
1986    -0.60462                -0.49077                        -0.49993                        -0.50703                        -0.52745                        -0.55198                        -0.57725                        -0.59706                        -0.60462                        -0.59847                        -0.57553                        -0.49830                        -0.58972                                -0.25383            
1987    -0.63745                -0.35124                        -0.35459                        -0.36328                        -0.38570                        -0.40767                        -0.42317                        -0.43600                        -0.44974                        -0.45831                        -0.45276                        -0.39099                        -0.39537                                -0.18769            
1988    -0.69115                -0.57524                        -0.58912                        -0.60719                        -0.64902                        -0.67917                        -0.69115                        -0.69112                        -0.68062                        -0.66021                        -0.62861                        -0.58098                        -0.58499                                -0.26673            
1989    -0.57905                -0.45759                        -0.46443                        -0.46698                        -0.46157                        -0.44849                        -0.43443                        -0.42046                        -0.40515                        -0.39521                        -0.38389                        -0.39467                        -0.40499                                -0.19620            
1990    -0.64165                -0.55316                        -0.56229                        -0.57193                        -0.59415                        -0.61498                        -0.62699                        -0.62860                        -0.62390                        -0.61756                        -0.59888                        -0.54057                        -0.58492                                -0.26564            
1991    -0.54682                -0.54167                        -0.54611                        -0.54682                        -0.54013                        -0.53640                        -0.54123                        -0.54054                        -0.53109                        -0.51968                        -0.50533                        -0.48599                        -0.51921                                -0.24117            
1992    -0.51890                -0.51890                        -0.51790                        -0.51472                        -0.51262                        -0.51196                        -0.51531                        -0.51163                        -0.50167                        -0.49154                        -0.48036                        -0.45868                        -0.49002                                -0.25257            
1993    -0.45963                -0.43996                        -0.44160                        -0.44298                        -0.44530                        -0.45012                        -0.45624                        -0.45963                        -0.45632                        -0.45119                        -0.44438                        -0.41557                        -0.42263                                -0.19854            
1994    -0.53714                -0.41065                        -0.40633                        -0.40080                        -0.39423                        -0.39527                        -0.40597                        -0.41117                        -0.41152                        -0.40368                        -0.39359                        -0.37796                        -0.37850                                -0.20637            
1995    -0.42873                -0.39603                        -0.38695                        -0.37769                        -0.36258                        -0.35247                        -0.35012                        -0.34966                        -0.34725                        -0.34330                        -0.33634                        -0.34644                        -0.31950                                -0.18652            
1996    -0.38652                -0.38652                        -0.38314                        -0.37762                        -0.36191                        -0.34389                        -0.33232                        -0.32863                        -0.32560                        -0.32073                        -0.30966                        -0.30831                        -0.32005                                -0.14840            
1997    -0.49574                -0.49354                        -0.49485                        -0.49569                        -0.49523                        -0.49176                        -0.49155                        -0.49478                        -0.49485                        -0.49275                        -0.48604                        -0.45718                        -0.48827                                -0.24533            
1998    -0.87366                -0.77635                        -0.78984                        -0.80070                        -0.81978                        -0.83807                        -0.85822                        -0.87366                        -0.87104                        -0.84521                        -0.79474                        -0.73843                        -0.87104                                -0.36529            
1999    -0.55590                -0.37907                        -0.38043                        -0.38004                        -0.38880                        -0.40820                        -0.43506                        -0.46227                        -0.47750                        -0.47739                        -0.47128                        -0.40025                        -0.47750                                -0.22676            
2000    -0.35890                -0.28801                        -0.28819                        -0.28632                        -0.28129                        -0.28263                        -0.29410                        -0.29279                        -0.28090                        -0.26999                        -0.26667                        -0.25690                        -0.28090                                -0.13932            
2001    -0.56773                -0.49438                        -0.50801                        -0.51993                        -0.53821                        -0.54621                        -0.54771                        -0.56406                        -0.56773                        -0.56110                        -0.55212                        -0.48989                        -0.56598                                -0.26068            
2002    -0.58499                -0.39635                        -0.39985                        -0.40414                        -0.42547                        -0.46461                        -0.50911                        -0.54268                        -0.55878                        -0.55503                        -0.53426                        -0.44530                        -0.49897                                -0.22939            
2003    -0.55075                -0.41905                        -0.42608                        -0.43418                        -0.45523                        -0.48028                        -0.51123                        -0.54021                        -0.55075                        -0.54294                        -0.52251                        -0.44613                        -0.54674                                -0.25043            
2004    -0.42392                -0.42392                        -0.42256                        -0.41790                        -0.40255                        -0.38464                        -0.37313                        -0.37197                        -0.36959                        -0.35757                        -0.33298                        -0.33711                        -0.36055                                -0.18281            
2005    -0.46884                -0.46352                        -0.45255                        -0.43910                        -0.41048                        -0.39128                        -0.39610                        -0.41822                        -0.43399                        -0.43859                        -0.43543                        -0.40321                        -0.41622                                -0.21782            
2006    -0.56400                -0.47718                        -0.48089                        -0.48373                        -0.49447                        -0.51321                        -0.53399                        -0.54953                        -0.55895                        -0.56400                        -0.55846                        -0.47336                        -0.55895                                -0.25440            
2007    -0.62996                -0.43562                        -0.42557                        -0.41507                        -0.40302                        -0.40955                        -0.42626                        -0.44663                        -0.45929                        -0.45795                        -0.44737                        -0.39985                        -0.42322                                -0.23158            
2008    -0.60382                -0.54814                        -0.55567                        -0.56003                        -0.56594                        -0.56955                        -0.58080                        -0.59460                        -0.60222                        -0.60382                        -0.59894                        -0.52330                        -0.55874                                -0.28506            
2009    -0.54946                -0.35601                        -0.35828                        -0.35991                        -0.35634                        -0.34626                        -0.35066                        -0.35980                        -0.36414                        -0.35920                        -0.34754                        -0.32356                        -0.30923                                -0.18732            
2010    -0.63695                -0.57777                        -0.58386                        -0.58837                        -0.59880                        -0.61031                        -0.62339                        -0.63517                        -0.63695                        -0.62510                        -0.61015                        -0.55956                        -0.63695                                -0.28668            
2011    -0.64529                -0.57628                        -0.58099                        -0.58510                        -0.59662                        -0.61177                        -0.62877                        -0.64195                        -0.64529                        -0.64417                        -0.64381                        -0.57399                        -0.63029                                -0.30183            
2012    -0.42764                -0.36879                        -0.35809                        -0.34857                        -0.34095                        -0.34672                        -0.36163                        -0.37740                        -0.40363                        -0.42381                        -0.42764                        -0.35817                        -0.34208                                -0.21263            
2013    -0.58040                -0.48458                        -0.48651                        -0.48712                        -0.49306                        -0.50914                        -0.53564                        -0.56274                        -0.57705                        -0.58040                        -0.57177                        -0.49007                        -0.57171                                -0.28631            
2014    -0.64235                -0.44742                        -0.44944                        -0.44780                        -0.44709                        -0.46046                        -0.49630                        -0.54421                        -0.58324                        -0.60491                        -0.60944                        -0.48257                        -0.58324                                -0.26848            
2015    -0.54209                -0.30620                        -0.29021                        -0.27353                        -0.24920                        -0.26374                        -0.29693                        -0.33390                        -0.36530                        -0.38866                        -0.39896                        -0.30811                        -0.32824                                -0.19091            
2016    -0.59345                -0.40360                        -0.38425                        -0.36421                        -0.33842                        -0.34426                        -0.38552                        -0.44744                        -0.50215                        -0.53154                        -0.53515                        -0.42408                        -0.50215                                -0.20991            
2017    -0.42467                -0.32785                        -0.31785                        -0.30618                        -0.28708                        -0.28170                        -0.29583                        -0.32366                        -0.35510                        -0.38330                        -0.41144                        -0.32717                        -0.35044                                -0.17749            
2018    -0.46506                -0.46229                        -0.45458                        -0.44552                        -0.43035                        -0.42297                        -0.42689                        -0.43737                        -0.44325                        -0.44075                        -0.43130                        -0.40279                        -0.43789                                -0.23348            
