year    psi^min [10^11 kg/s]    psi^min(800 hPa) [10^11 kg/s]   psi^min(775 hPa) [10^11 kg/s]   psi^min(750 hPa) [10^11 kg/s]   psi^min(700 hPa) [10^11 kg/s]   psi^min(650 hPa) [10^11 kg/s]   psi^min(600 hPa) [10^11 kg/s]   psi^min(550 hPa) [10^11 kg/s]   psi^min(500 hPa) [10^11 kg/s]   psi^min(450 hPa) [10^11 kg/s]   psi^min(400 hPa) [10^11 kg/s]   <psi^min>_p [10^11 kg/s]        psi(phi^min, p^min) [10^11 kg/s]        psi_SHC [10^11 kg/s]
1979    -0.77036                -0.67221                        -0.69347                        -0.70971                        -0.73232                        -0.74447                        -0.75160                        -0.75874                        -0.76436                        -0.77036                        -0.76305                        -0.70148                        -0.72939                                -0.35488            
1980    -0.73350                -0.67570                        -0.68002                        -0.68649                        -0.69985                        -0.70675                        -0.71760                        -0.72977                        -0.73350                        -0.72289                        -0.69255                        -0.65413                        -0.72835                                -0.33437            
1981    -0.71046                -0.70164                        -0.68917                        -0.68106                        -0.67814                        -0.67992                        -0.68327                        -0.68873                        -0.69107                        -0.68856                        -0.67513                        -0.64913                        -0.68873                                -0.31024            
1982    -0.89876                -0.76629                        -0.77145                        -0.77783                        -0.79837                        -0.82445                        -0.85300                        -0.88130                        -0.89876                        -0.89387                        -0.86192                        -0.79140                        -0.85574                                -0.40052            
1983    -0.68033                -0.57146                        -0.57952                        -0.59059                        -0.61679                        -0.63814                        -0.65431                        -0.66922                        -0.67849                        -0.68033                        -0.67532                        -0.60403                        -0.66455                                -0.28278            
1984    -0.75869                -0.72262                        -0.73107                        -0.73868                        -0.75160                        -0.75773                        -0.75833                        -0.75869                        -0.75612                        -0.74942                        -0.73978                        -0.70180                        -0.74501                                -0.34915            
1985    -0.73201                -0.69113                        -0.69942                        -0.70551                        -0.71166                        -0.71378                        -0.71983                        -0.72867                        -0.73201                        -0.72046                        -0.69610                        -0.64974                        -0.72838                                -0.29657            
1986    -0.97707                -0.85390                        -0.88386                        -0.91099                        -0.95115                        -0.97218                        -0.97707                        -0.96749                        -0.93850                        -0.89090                        -0.83522                        -0.83189                        -0.94884                                -0.41193            
1987    -0.99212                -0.88578                        -0.90932                        -0.92598                        -0.95022                        -0.96788                        -0.98198                        -0.99212                        -0.98732                        -0.95769                        -0.89929                        -0.85315                        -0.98500                                -0.40214            
1988    -0.92851                -0.87173                        -0.88688                        -0.90475                        -0.92815                        -0.92851                        -0.91447                        -0.89489                        -0.87003                        -0.84311                        -0.80786                        -0.79556                        -0.87273                                -0.41391            
1989    -0.67219                -0.65365                        -0.65773                        -0.65908                        -0.66425                        -0.66741                        -0.67033                        -0.67219                        -0.66817                        -0.65720                        -0.64551                        -0.63604                        -0.64806                                -0.29958            
1990    -1.01397                -0.87660                        -0.90194                        -0.92152                        -0.95499                        -0.98272                        -1.00361                        -1.01397                        -1.00641                        -0.97603                        -0.91945                        -0.87911                        -1.01076                                -0.45299            
1991    -0.87316                -0.85051                        -0.86319                        -0.86930                        -0.87316                        -0.86977                        -0.86701                        -0.85983                        -0.84413                        -0.81976                        -0.77865                        -0.76516                        -0.85954                                -0.37308            
1992    -0.76952                -0.71684                        -0.73086                        -0.74222                        -0.75673                        -0.76663                        -0.76951                        -0.76190                        -0.74507                        -0.72705                        -0.71803                        -0.70181                        -0.75513                                -0.33040            
1993    -0.90070                -0.80283                        -0.81747                        -0.83195                        -0.85698                        -0.87490                        -0.88923                        -0.90070                        -0.89624                        -0.86857                        -0.82404                        -0.77731                        -0.90070                                -0.37592            
1994    -0.89208                -0.79954                        -0.80849                        -0.81745                        -0.84038                        -0.86365                        -0.88187                        -0.89208                        -0.88612                        -0.85874                        -0.81483                        -0.78633                        -0.89208                                -0.37460            
1995    -0.75016                -0.70520                        -0.70779                        -0.71563                        -0.73084                        -0.73977                        -0.74516                        -0.75016                        -0.74521                        -0.72294                        -0.69082                        -0.66523                        -0.74114                                -0.30029            
1996    -0.69273                -0.63489                        -0.63576                        -0.63757                        -0.63773                        -0.63049                        -0.62968                        -0.63993                        -0.64263                        -0.63011                        -0.61646                        -0.61376                        -0.63993                                -0.28950            
1997    -0.87683                -0.87683                        -0.87363                        -0.86756                        -0.85240                        -0.83494                        -0.82535                        -0.82422                        -0.82709                        -0.81697                        -0.79299                        -0.77417                        -0.80599                                -0.37170            
1998    -0.71919                -0.71919                        -0.71917                        -0.71289                        -0.69126                        -0.67214                        -0.66371                        -0.66368                        -0.65222                        -0.61477                        -0.55732                        -0.58961                        -0.64639                                -0.29697            
1999    -0.64006                -0.63493                        -0.63840                        -0.64006                        -0.63694                        -0.62769                        -0.62292                        -0.62678                        -0.62482                        -0.60465                        -0.57384                        -0.57104                        -0.61785                                -0.29145            
2000    -0.64606                -0.57657                        -0.56157                        -0.54460                        -0.51312                        -0.50181                        -0.50400                        -0.52457                        -0.54637                        -0.55761                        -0.56530                        -0.53002                        -0.52154                                -0.26174            
2001    -0.76669                -0.75780                        -0.76372                        -0.76669                        -0.76445                        -0.75690                        -0.74956                        -0.74456                        -0.73267                        -0.70786                        -0.66758                        -0.65701                        -0.73946                                -0.32354            
2002    -0.98792                -0.89329                        -0.91613                        -0.93161                        -0.95466                        -0.97586                        -0.98792                        -0.98347                        -0.95775                        -0.90920                        -0.83129                        -0.81661                        -0.98347                                -0.40906            
2003    -0.94459                -0.82893                        -0.84742                        -0.86205                        -0.88933                        -0.90588                        -0.92268                        -0.93872                        -0.94459                        -0.92430                        -0.86284                        -0.79794                        -0.93872                                -0.39661            
2004    -0.68142                -0.68142                        -0.67812                        -0.67111                        -0.65356                        -0.64233                        -0.65303                        -0.66538                        -0.65764                        -0.64034                        -0.62387                        -0.61085                        -0.65739                                -0.29182            
2005    -0.68420                -0.62399                        -0.62193                        -0.61239                        -0.58756                        -0.58244                        -0.61153                        -0.64250                        -0.65547                        -0.63952                        -0.59709                        -0.56544                        -0.64238                                -0.26882            
2006    -0.93032                -0.91596                        -0.92824                        -0.93032                        -0.92278                        -0.92144                        -0.92697                        -0.92074                        -0.90928                        -0.88035                        -0.84197                        -0.82105                        -0.92074                                -0.43121            
2007    -0.70429                -0.70014                        -0.68863                        -0.67914                        -0.67442                        -0.68415                        -0.69738                        -0.69565                        -0.67087                        -0.62886                        -0.58759                        -0.61237                        -0.65822                                -0.30021            
2008    -0.68037                -0.67866                        -0.67105                        -0.66458                        -0.66073                        -0.66493                        -0.67343                        -0.67194                        -0.65713                        -0.63191                        -0.60948                        -0.61482                        -0.67194                                -0.32089            
2009    -0.79896                -0.69649                        -0.70403                        -0.70758                        -0.71970                        -0.74335                        -0.77060                        -0.79526                        -0.79896                        -0.77398                        -0.73266                        -0.68670                        -0.79526                                -0.32568            
2010    -0.74619                -0.70507                        -0.65867                        -0.64771                        -0.63276                        -0.62843                        -0.63174                        -0.63827                        -0.64005                        -0.63012                        -0.61213                        -0.60972                        -0.59574                                -0.33644            
2011    -0.82960                -0.77999                        -0.76389                        -0.76819                        -0.78001                        -0.79540                        -0.81482                        -0.82960                        -0.82410                        -0.79018                        -0.74528                        -0.73049                        -0.82815                                -0.37713            
2012    -0.82534                -0.69972                        -0.71443                        -0.73048                        -0.76492                        -0.79707                        -0.81945                        -0.82534                        -0.82045                        -0.80801                        -0.78640                        -0.71583                        -0.82534                                -0.32865            
2013    -0.80036                -0.71959                        -0.72053                        -0.71503                        -0.70624                        -0.71855                        -0.75009                        -0.78228                        -0.80036                        -0.79849                        -0.78090                        -0.70165                        -0.78228                                -0.36480            
2014    -0.81245                -0.76508                        -0.71498                        -0.67978                        -0.66356                        -0.67896                        -0.72232                        -0.76913                        -0.79687                        -0.79845                        -0.78271                        -0.71942                        -0.76913                                -0.36999            
2015    -0.88712                -0.85684                        -0.85796                        -0.85654                        -0.85425                        -0.85880                        -0.87597                        -0.88712                        -0.88188                        -0.86500                        -0.85262                        -0.81381                        -0.88389                                -0.39952            
2016    -0.83778                -0.81414                        -0.77107                        -0.71471                        -0.67468                        -0.67352                        -0.68803                        -0.70245                        -0.70217                        -0.68586                        -0.65745                        -0.67816                        -0.69585                                -0.34326            
2017    -0.71927                -0.65529                        -0.63823                        -0.62071                        -0.59588                        -0.59029                        -0.60976                        -0.64474                        -0.67026                        -0.67526                        -0.66260                        -0.61000                        -0.64330                                -0.31823            
2018    -0.85564                -0.85564                        -0.85542                        -0.85126                        -0.84157                        -0.83574                        -0.83944                        -0.84589                        -0.84288                        -0.81560                        -0.76799                        -0.75391                        -0.84509                                -0.37320            
