year    psi^min [10^11 kg/s]    psi^min(800 hPa) [10^11 kg/s]   psi^min(775 hPa) [10^11 kg/s]   psi^min(750 hPa) [10^11 kg/s]   psi^min(700 hPa) [10^11 kg/s]   psi^min(650 hPa) [10^11 kg/s]   psi^min(600 hPa) [10^11 kg/s]   psi^min(550 hPa) [10^11 kg/s]   psi^min(500 hPa) [10^11 kg/s]   psi^min(450 hPa) [10^11 kg/s]   psi^min(400 hPa) [10^11 kg/s]   <psi^min>_p [10^11 kg/s]        psi(phi^min, p^min) [10^11 kg/s]        psi_SHC [10^11 kg/s]
1979.0  -2.78330                -2.32104                        -2.46790                        -2.60507                        -2.76675                        -2.78330                        -2.69234                        -2.54989                        -2.43120                        -2.35784                        -2.34280                        -2.25318                        -2.74886                                -0.93888            
1980.0  -2.75556                -2.41063                        -2.53101                        -2.62141                        -2.75556                        -2.75353                        -2.63567                        -2.50479                        -2.39020                        -2.26975                        -2.23048                        -2.24018                        -2.73952                                -0.94367            
1981.0  -2.72612                -2.39132                        -2.50339                        -2.58144                        -2.69891                        -2.72612                        -2.65502                        -2.51895                        -2.35494                        -2.22431                        -2.16446                        -2.18911                        -2.70234                                -0.96755            
1982.0  -2.62184                -2.15195                        -2.28297                        -2.41374                        -2.58348                        -2.62184                        -2.56154                        -2.46873                        -2.39161                        -2.32592                        -2.28816                        -2.17421                        -2.58884                                -0.93103            
1983.0  -2.63185                -2.32718                        -2.43822                        -2.51590                        -2.63185                        -2.62704                        -2.54464                        -2.45241                        -2.35734                        -2.25907                        -2.19902                        -2.16147                        -2.61665                                -0.88768            
1984.0  -2.53780                -2.19541                        -2.31589                        -2.40164                        -2.49141                        -2.53780                        -2.49501                        -2.40708                        -2.30292                        -2.18531                        -2.08071                        -2.04073                        -2.51507                                -0.84434            
1985.0  -2.58153                -2.10607                        -2.23227                        -2.35263                        -2.53314                        -2.58153                        -2.54160                        -2.46738                        -2.38110                        -2.28808                        -2.22462                        -2.11040                        -2.58153                                -0.89218            
1986.0  -2.55299                -2.21375                        -2.32453                        -2.40864                        -2.53664                        -2.55299                        -2.49645                        -2.42421                        -2.34866                        -2.25880                        -2.17647                        -2.09741                        -2.55299                                -0.90243            
1987.0  -2.57248                -2.19446                        -2.31973                        -2.42839                        -2.56741                        -2.57248                        -2.50625                        -2.41564                        -2.31692                        -2.19748                        -2.11913                        -2.10138                        -2.57248                                -0.89446            
1988.0  -2.66789                -2.23725                        -2.35455                        -2.44262                        -2.59767                        -2.66789                        -2.65728                        -2.59037                        -2.48653                        -2.39720                        -2.32107                        -2.20951                        -2.64213                                -1.01136            
1989.0  -2.53286                -2.05385                        -2.20674                        -2.33530                        -2.49763                        -2.53286                        -2.48905                        -2.42446                        -2.35231                        -2.28254                        -2.24221                        -2.08672                        -2.49722                                -0.91051            
1990.0  -2.50929                -2.10865                        -2.22651                        -2.32603                        -2.46623                        -2.50929                        -2.48566                        -2.43510                        -2.35785                        -2.26121                        -2.18704                        -2.08291                        -2.50181                                -0.90330            
1991.0  -2.73687                -2.26780                        -2.40420                        -2.51857                        -2.69744                        -2.73687                        -2.68617                        -2.60202                        -2.49619                        -2.38773                        -2.33511                        -2.22882                        -2.73343                                -0.94410            
1992.0  -2.60752                -2.30198                        -2.42233                        -2.50921                        -2.60752                        -2.60146                        -2.52860                        -2.42780                        -2.31330                        -2.21106                        -2.17057                        -2.11346                        -2.55978                                -0.95333            
1993.0  -2.49961                -2.12429                        -2.25007                        -2.35308                        -2.48140                        -2.49961                        -2.41103                        -2.30769                        -2.21135                        -2.12936                        -2.10387                        -2.00589                        -2.48232                                -0.85313            
1994.0  -2.57055                -2.19458                        -2.31569                        -2.40375                        -2.53491                        -2.57055                        -2.52772                        -2.46286                        -2.38600                        -2.32003                        -2.33973                        -2.16966                        -2.54269                                -0.96900            
1995.0  -2.52096                -2.07925                        -2.20954                        -2.31707                        -2.46483                        -2.52096                        -2.51317                        -2.47621                        -2.41845                        -2.38729                        -2.43489                        -2.15375                        -2.51400                                -0.95020            
1996.0  -2.62980                -2.21695                        -2.33754                        -2.44714                        -2.60589                        -2.62980                        -2.56972                        -2.47077                        -2.37129                        -2.32286                        -2.37436                        -2.18448                        -2.61828                                -0.89485            
1997.0  -3.19498                -2.68630                        -2.84076                        -2.96308                        -3.14324                        -3.19498                        -3.11610                        -2.98219                        -2.84497                        -2.71754                        -2.65490                        -2.56666                        -3.19498                                -1.06066            
1998.0  -2.57354                -2.27975                        -2.39735                        -2.48250                        -2.57354                        -2.54671                        -2.45473                        -2.34382                        -2.24596                        -2.16205                        -2.10611                        -2.06503                        -2.48672                                -0.88447            
1999.0  -2.92069                -2.43246                        -2.58863                        -2.72287                        -2.89987                        -2.92069                        -2.85157                        -2.75904                        -2.69071                        -2.67399                        -2.71062                        -2.42019                        -2.91761                                -1.00977            
2000.0  -2.55346                -2.14163                        -2.26929                        -2.37633                        -2.53002                        -2.55346                        -2.48630                        -2.39116                        -2.32869                        -2.31325                        -2.36591                        -2.13261                        -2.54238                                -0.89943            
2001.0  -2.69676                -2.28278                        -2.43614                        -2.56070                        -2.69676                        -2.69668                        -2.62196                        -2.53200                        -2.44561                        -2.38446                        -2.38860                        -2.21469                        -2.69668                                -0.92397            
2002.0  -2.68085                -2.21291                        -2.35046                        -2.48804                        -2.65893                        -2.68085                        -2.58275                        -2.45719                        -2.32388                        -2.24839                        -2.26416                        -2.19270                        -2.64960                                -0.95190            
2003.0  -3.01638                -2.43786                        -2.59129                        -2.75055                        -2.97113                        -3.01638                        -2.93615                        -2.80107                        -2.67012                        -2.58374                        -2.57140                        -2.40583                        -2.99240                                -1.03327            
2004.0  -2.45789                -2.00038                        -2.14423                        -2.27320                        -2.42611                        -2.45789                        -2.42041                        -2.35701                        -2.29583                        -2.27250                        -2.31665                        -2.07040                        -2.41724                                -0.86209            
2005.0  -2.80075                -2.44275                        -2.57428                        -2.67443                        -2.80075                        -2.79258                        -2.70766                        -2.62170                        -2.53153                        -2.47044                        -2.48927                        -2.34073                        -2.79258                                -1.02057            
2006.0  -2.87670                -2.34630                        -2.51874                        -2.67627                        -2.86261                        -2.87670                        -2.78115                        -2.66753                        -2.58069                        -2.49320                        -2.42965                        -2.31824                        -2.84703                                -0.96948            
2007.0  -2.62470                -2.15812                        -2.29239                        -2.43079                        -2.60090                        -2.62470                        -2.56147                        -2.47730                        -2.38859                        -2.31952                        -2.27632                        -2.11917                        -2.62470                                -0.86746            
2008.0  -2.95863                -2.38362                        -2.52970                        -2.68427                        -2.89728                        -2.95863                        -2.90639                        -2.81165                        -2.70255                        -2.58537                        -2.53369                        -2.39600                        -2.95261                                -0.98350            
2009.0  -2.99341                -2.59366                        -2.72520                        -2.84207                        -2.99341                        -2.99320                        -2.88976                        -2.75686                        -2.63709                        -2.54155                        -2.50680                        -2.43953                        -2.99320                                -1.00102            
2010.0  -2.74865                -2.30415                        -2.42971                        -2.53550                        -2.71576                        -2.74865                        -2.69649                        -2.62931                        -2.54631                        -2.47844                        -2.47545                        -2.28929                        -2.74865                                -0.98898            
2011.0  -2.84639                -2.45535                        -2.58366                        -2.70342                        -2.84639                        -2.84109                        -2.77482                        -2.71262                        -2.66868                        -2.64184                        -2.64352                        -2.39948                        -2.84109                                -0.98120            
2012.0  -2.63654                -2.24081                        -2.36465                        -2.47235                        -2.62946                        -2.63654                        -2.54041                        -2.42836                        -2.35300                        -2.32574                        -2.36057                        -2.17386                        -2.63554                                -0.88104            
2013.0  -2.40895                -2.13521                        -2.25300                        -2.33537                        -2.40713                        -2.40895                        -2.34253                        -2.24488                        -2.16168                        -2.10201                        -2.06384                        -1.99511                        -2.35676                                -0.88110            
2014.0  -3.00015                -2.49684                        -2.62216                        -2.74047                        -2.96219                        -3.00015                        -2.89171                        -2.74430                        -2.63070                        -2.54731                        -2.53459                        -2.43167                        -2.96220                                -1.03909            
2015.0  -2.91417                -2.38591                        -2.55891                        -2.70794                        -2.89611                        -2.91417                        -2.81420                        -2.67881                        -2.53820                        -2.42336                        -2.38146                        -2.34110                        -2.91108                                -0.95361            
2016.0  -2.50898                -2.16046                        -2.28825                        -2.38701                        -2.50898                        -2.49060                        -2.37770                        -2.26244                        -2.16480                        -2.08823                        -2.09854                        -2.03534                        -2.48910                                -0.89724            
2017.0  -3.05813                -2.61469                        -2.76384                        -2.87795                        -3.03476                        -3.05812                        -2.96105                        -2.84268                        -2.74687                        -2.65947                        -2.58188                        -2.45673                        -3.03562                                -1.02266            
2018.0  -3.11752                -2.51975                        -2.69063                        -2.87127                        -3.11059                        -3.11752                        -2.96750                        -2.78565                        -2.65487                        -2.56097                        -2.51713                        -2.44161                        -3.09483                                -1.01926            
