year    psi^max [10^11 kg/s]    psi^max(800 hPa) [10^11 kg/s]   psi^max(775 hPa) [10^11 kg/s]   psi^max(750 hPa) [10^11 kg/s]   psi^max(700 hPa) [10^11 kg/s]   psi^max(650 hPa) [10^11 kg/s]   psi^max(600 hPa) [10^11 kg/s]   psi^max(550 hPa) [10^11 kg/s]   psi^max(500 hPa) [10^11 kg/s]   psi^max(450 hPa) [10^11 kg/s]   psi^max(400 hPa) [10^11 kg/s]   <psi^max>_p [10^11 kg/s]        psi(phi^max, p^max) [10^11 kg/s]        psi_NHC [10^11 kg/s]
1979.0  0.43260                 0.25300                         0.26574                         0.27354                         0.27168                         0.24951                         0.24177                         0.24892                         0.25413                         0.26061                         0.27294                         0.23183                         0.26321                                 0.10187             
1980.0  0.52115                 0.28386                         0.29342                         0.29573                         0.29318                         0.29311                         0.28133                         0.26411                         0.27223                         0.28802                         0.28863                         0.25605                         0.29573                                 0.12445             
1981.0  0.46485                 0.36168                         0.38553                         0.40183                         0.41177                         0.40638                         0.39406                         0.37867                         0.36923                         0.35607                         0.33313                         0.32494                         0.39868                                 0.15627             
1982.0  0.41333                 0.35704                         0.36323                         0.36122                         0.34378                         0.30875                         0.27553                         0.26783                         0.27903                         0.29031                         0.29525                         0.28279                         0.36122                                 0.12444             
1983.0  0.49927                 0.46087                         0.46945                         0.47020                         0.45335                         0.41858                         0.37771                         0.35181                         0.33651                         0.31823                         0.30027                         0.34297                         0.38423                                 0.15974             
1984.0  0.37524                 0.33413                         0.34931                         0.35366                         0.35316                         0.32351                         0.28690                         0.25750                         0.24316                         0.23834                         0.23660                         0.25731                         0.30893                                 0.13027             
1985.0  0.36617                 0.32545                         0.33242                         0.33138                         0.31801                         0.30217                         0.27124                         0.24328                         0.23574                         0.24644                         0.26870                         0.25365                         0.33138                                 0.12570             
1986.0  0.47884                 0.33302                         0.34364                         0.34793                         0.34248                         0.32482                         0.30445                         0.29187                         0.28644                         0.27879                         0.28749                         0.26951                         0.34793                                 0.12940             
1987.0  0.41109                 0.33721                         0.34999                         0.35645                         0.35387                         0.33436                         0.31087                         0.30364                         0.31740                         0.33210                         0.33789                         0.30932                         0.33056                                 0.13366             
1988.0  0.56921                 0.33522                         0.34954                         0.35497                         0.34319                         0.30764                         0.26303                         0.22504                         0.25357                         0.27831                         0.29003                         0.26152                         0.35497                                 0.10172             
1989.0  0.47408                 0.42608                         0.44564                         0.46045                         0.47408                         0.46421                         0.44111                         0.41991                         0.40445                         0.39178                         0.37892                         0.36986                         0.42725                                 0.19040             
1990.0  0.56267                 0.38805                         0.40943                         0.41974                         0.41277                         0.37717                         0.32791                         0.29070                         0.26380                         0.23583                         0.21188                         0.27303                         0.41974                                 0.12479             
1991.0  0.47373                 0.34016                         0.34894                         0.35147                         0.34301                         0.32307                         0.30766                         0.30370                         0.30710                         0.30030                         0.27649                         0.27037                         0.33737                                 0.11992             
1992.0  0.66704                 0.42066                         0.43824                         0.44715                         0.44469                         0.41864                         0.37615                         0.33562                         0.33004                         0.34112                         0.33520                         0.33326                         0.43724                                 0.15979             
1993.0  0.51745                 0.27154                         0.27704                         0.27676                         0.26527                         0.24804                         0.23380                         0.23230                         0.24416                         0.25006                         0.26661                         0.23981                         0.23890                                 0.10100             
1994.0  0.60909                 0.48924                         0.51844                         0.53641                         0.54506                         0.52364                         0.48271                         0.44105                         0.41077                         0.38191                         0.34312                         0.37967                         0.53641                                 0.19024             
1995.0  0.55888                 0.44330                         0.45633                         0.45996                         0.44799                         0.42080                         0.38847                         0.36248                         0.34934                         0.33892                         0.32009                         0.33739                         0.45996                                 0.18795             
1996.0  0.49634                 0.44571                         0.46837                         0.48442                         0.49634                         0.48354                         0.45330                         0.42070                         0.39533                         0.37670                         0.36056                         0.37972                         0.48442                                 0.18766             
1997.0  0.56313                 0.52662                         0.55025                         0.56313                         0.56230                         0.53139                         0.47993                         0.42783                         0.38620                         0.36981                         0.35066                         0.39980                         0.55064                                 0.18314             
1998.0  0.63132                 0.35640                         0.36653                         0.36636                         0.34369                         0.29702                         0.23474                         0.19595                         0.16593                         0.15131                         0.15169                         0.21978                         0.36636                                 0.10856             
1999.0  0.53748                 0.45487                         0.48304                         0.49823                         0.49983                         0.47032                         0.41567                         0.35204                         0.31174                         0.29214                         0.29016                         0.34124                         0.49823                                 0.17326             
2000.0  0.52182                 0.47805                         0.50613                         0.52182                         0.52153                         0.48742                         0.43254                         0.37708                         0.33768                         0.32081                         0.30369                         0.35256                         0.52182                                 0.17415             
2001.0  0.54866                 0.48417                         0.51673                         0.53883                         0.54866                         0.51484                         0.45771                         0.40254                         0.36244                         0.33699                         0.31157                         0.36511                         0.53883                                 0.18777             
2002.0  0.56862                 0.43752                         0.46540                         0.48180                         0.49105                         0.46826                         0.42243                         0.36944                         0.32545                         0.29467                         0.27401                         0.33049                         0.48180                                 0.16099             
2003.0  0.53533                 0.43914                         0.45074                         0.45318                         0.43331                         0.38443                         0.32571                         0.28104                         0.25823                         0.25521                         0.25261                         0.30263                         0.44140                                 0.14897             
2004.0  0.41387                 0.37766                         0.39797                         0.40623                         0.39685                         0.36254                         0.31982                         0.28946                         0.27203                         0.25824                         0.23851                         0.26350                         0.40623                                 0.15943             
2005.0  0.55566                 0.39702                         0.41745                         0.42712                         0.42758                         0.40190                         0.36679                         0.33647                         0.31668                         0.30289                         0.29138                         0.30916                         0.42704                                 0.16078             
2006.0  0.42894                 0.40574                         0.42261                         0.42894                         0.42071                         0.39542                         0.36774                         0.35730                         0.36020                         0.36887                         0.36921                         0.34602                         0.41963                                 0.19041             
2007.0  0.53480                 0.23217                         0.22864                         0.21246                         0.16886                         0.17161                         0.17094                         0.16349                         0.14671                         0.12385                         0.10499                         0.13765                         0.21246                                 0.08309             
2008.0  0.47996                 0.44777                         0.46993                         0.47996                         0.46829                         0.43845                         0.39811                         0.36073                         0.32961                         0.30086                         0.28229                         0.33021                         0.46771                                 0.17616             
2009.0  0.50345                 0.43800                         0.45646                         0.46260                         0.44466                         0.39823                         0.34375                         0.30425                         0.29036                         0.29147                         0.29160                         0.31689                         0.44739                                 0.17538             
2010.0  0.48238                 0.36759                         0.36895                         0.36516                         0.34963                         0.32610                         0.30163                         0.28867                         0.28740                         0.28932                         0.28287                         0.27867                         0.36167                                 0.14050             
2011.0  0.48100                 0.39832                         0.40892                         0.40769                         0.38430                         0.34725                         0.30969                         0.29098                         0.29450                         0.30177                         0.30958                         0.30346                         0.40769                                 0.14385             
2012.0  0.55229                 0.44480                         0.45769                         0.45722                         0.43011                         0.38158                         0.32866                         0.27941                         0.25847                         0.26173                         0.26007                         0.29550                         0.45722                                 0.14315             
2013.0  0.54890                 0.40386                         0.40661                         0.39872                         0.36892                         0.33512                         0.30456                         0.28105                         0.26751                         0.25850                         0.24702                         0.27879                         0.37241                                 0.14141             
2014.0  0.54428                 0.37848                         0.39331                         0.39739                         0.38068                         0.34646                         0.30418                         0.27620                         0.29416                         0.30182                         0.29871                         0.28898                         0.36873                                 0.13871             
2015.0  0.47084                 0.38524                         0.40146                         0.40701                         0.39848                         0.37279                         0.33905                         0.31226                         0.29371                         0.27881                         0.25817                         0.28328                         0.40701                                 0.14528             
2016.0  0.40214                 0.27583                         0.27897                         0.27415                         0.25155                         0.21932                         0.18354                         0.16008                         0.14820                         0.15537                         0.16072                         0.18566                         0.27415                                 0.10759             
2017.0  0.62065                 0.32004                         0.33229                         0.33584                         0.33252                         0.32372                         0.31046                         0.28831                         0.29412                         0.29615                         0.28850                         0.27468                         0.33584                                 0.13689             
2018.0  0.56733                 0.46641                         0.49413                         0.51170                         0.51800                         0.49321                         0.45181                         0.41177                         0.36759                         0.32559                         0.29244                         0.34500                         0.49628                                 0.18723             
