year    psi^min [10^11 kg/s]    psi^min(800 hPa) [10^11 kg/s]   psi^min(775 hPa) [10^11 kg/s]   psi^min(750 hPa) [10^11 kg/s]   psi^min(700 hPa) [10^11 kg/s]   psi^min(650 hPa) [10^11 kg/s]   psi^min(600 hPa) [10^11 kg/s]   psi^min(550 hPa) [10^11 kg/s]   psi^min(500 hPa) [10^11 kg/s]   psi^min(450 hPa) [10^11 kg/s]   psi^min(400 hPa) [10^11 kg/s]   <psi^min>_p [10^11 kg/s]        psi(phi^min, p^min) [10^11 kg/s]        psi_SHC [10^11 kg/s]
1979.0  -1.89192                -1.68340                        -1.76525                        -1.82643                        -1.88993                        -1.89192                        -1.86321                        -1.82772                        -1.77911                        -1.69456                        -1.66058                        -1.62816                        -1.82901                                -0.75571            
1980.0  -1.98649                -1.90281                        -1.94565                        -1.97477                        -1.98649                        -1.94326                        -1.88819                        -1.82771                        -1.76055                        -1.69955                        -1.68035                        -1.70104                        -1.93051                                -0.83060            
1981.0  -2.12437                -1.91508                        -2.00285                        -2.06374                        -2.12437                        -2.11848                        -2.06891                        -1.99163                        -1.88943                        -1.79298                        -1.72732                        -1.73385                        -2.02913                                -0.81241            
1982.0  -2.07060                -1.76519                        -1.85495                        -1.93463                        -2.04410                        -2.07060                        -2.03449                        -1.98651                        -1.92555                        -1.82948                        -1.76183                        -1.75988                        -2.06199                                -0.78326            
1983.0  -2.16053                -1.96526                        -2.02781                        -2.07530                        -2.14004                        -2.16053                        -2.13462                        -2.08796                        -2.02368                        -1.93298                        -1.83690                        -1.83315                        -2.09103                                -0.88164            
1984.0  -1.62006                -1.44301                        -1.49096                        -1.53914                        -1.59337                        -1.61553                        -1.62006                        -1.60477                        -1.57702                        -1.54258                        -1.51744                        -1.42070                        -1.52923                                -0.63941            
1985.0  -2.16784                -1.80504                        -1.92060                        -2.01360                        -2.13220                        -2.16784                        -2.13175                        -2.06186                        -1.97799                        -1.88309                        -1.80459                        -1.75953                        -2.16784                                -0.79647            
1986.0  -2.18098                -1.90368                        -2.01839                        -2.10193                        -2.18098                        -2.17735                        -2.15415                        -2.12335                        -2.06398                        -1.97927                        -1.89294                        -1.80940                        -2.13827                                -0.79699            
1987.0  -2.15851                -1.83775                        -1.91679                        -1.99698                        -2.10768                        -2.15851                        -2.14728                        -2.07164                        -1.95009                        -1.83100                        -1.75618                        -1.75677                        -2.13233                                -0.81757            
1988.0  -2.18604                -2.02851                        -2.08296                        -2.11668                        -2.15828                        -2.18604                        -2.17448                        -2.13904                        -2.09656                        -2.04974                        -1.99423                        -1.86493                        -2.17703                                -0.87764            
1989.0  -2.07953                -1.81215                        -1.89189                        -1.95747                        -2.04391                        -2.07953                        -2.07028                        -2.05381                        -2.02529                        -1.97736                        -1.94790                        -1.79165                        -2.06798                                -0.81933            
1990.0  -2.16236                -1.82353                        -1.90803                        -1.99999                        -2.12978                        -2.16236                        -2.11539                        -2.03028                        -1.94025                        -1.86416                        -1.83206                        -1.77052                        -2.14190                                -0.82737            
1991.0  -1.94393                -1.66946                        -1.74894                        -1.83938                        -1.93103                        -1.94393                        -1.91449                        -1.87573                        -1.82422                        -1.74233                        -1.68307                        -1.63619                        -1.94393                                -0.78168            
1992.0  -1.63230                -1.52825                        -1.56217                        -1.58767                        -1.62856                        -1.63230                        -1.60575                        -1.58123                        -1.54995                        -1.51759                        -1.50341                        -1.43027                        -1.62327                                -0.72712            
1993.0  -1.87681                -1.57794                        -1.66712                        -1.74249                        -1.83876                        -1.87243                        -1.87681                        -1.85689                        -1.80675                        -1.73030                        -1.68577                        -1.57177                        -1.83535                                -0.71842            
1994.0  -2.18585                -1.74644                        -1.87192                        -1.98435                        -2.12967                        -2.18585                        -2.15930                        -2.09065                        -2.00290                        -1.90490                        -1.85066                        -1.80117                        -2.18585                                -0.82253            
1995.0  -2.14921                -1.86976                        -1.94545                        -2.03563                        -2.13436                        -2.14921                        -2.14317                        -2.11661                        -2.08062                        -2.03419                        -1.99470                        -1.83830                        -2.14921                                -0.82176            
1996.0  -1.90942                -1.69044                        -1.73929                        -1.78096                        -1.85047                        -1.87604                        -1.86634                        -1.85233                        -1.82584                        -1.81422                        -1.85188                        -1.68595                        -1.84636                                -0.77632            
1997.0  -2.37073                -2.04604                        -2.14375                        -2.22819                        -2.33677                        -2.37073                        -2.35070                        -2.28932                        -2.20784                        -2.14907                        -2.17011                        -2.02381                        -2.37073                                -0.88147            
1998.0  -2.18576                -1.93081                        -2.00701                        -2.07168                        -2.16577                        -2.18576                        -2.12159                        -2.02104                        -1.97764                        -1.95635                        -2.04015                        -1.85063                        -2.07539                                -0.86570            
1999.0  -2.16485                -1.98033                        -2.05840                        -2.11436                        -2.16485                        -2.11389                        -2.02934                        -1.97750                        -1.93248                        -1.89237                        -1.86083                        -1.76612                        -2.07084                                -0.79713            
2000.0  -2.34233                -1.93640                        -2.03098                        -2.14075                        -2.28498                        -2.34233                        -2.33098                        -2.27542                        -2.20373                        -2.15263                        -2.14628                        -1.92565                        -2.31851                                -0.86680            
2001.0  -2.04402                -1.87956                        -1.94587                        -1.99948                        -2.04402                        -2.01624                        -1.95178                        -1.89705                        -1.85780                        -1.84258                        -1.86428                        -1.73004                        -2.00685                                -0.77266            
2002.0  -2.28952                -1.93315                        -2.05777                        -2.16767                        -2.28755                        -2.28952                        -2.21306                        -2.12158                        -2.06534                        -2.03235                        -2.01868                        -1.87634                        -2.28952                                -0.84840            
2003.0  -2.31921                -1.97437                        -2.07247                        -2.16488                        -2.28938                        -2.31921                        -2.30191                        -2.26614                        -2.20523                        -2.13510                        -2.09887                        -1.95052                        -2.31921                                -0.85471            
2004.0  -2.20345                -1.82882                        -1.93587                        -2.03201                        -2.16148                        -2.20345                        -2.18833                        -2.14455                        -2.07824                        -2.00178                        -1.95943                        -1.81266                        -2.19372                                -0.83090            
2005.0  -2.19988                -2.04951                        -2.11006                        -2.15604                        -2.19988                        -2.17810                        -2.11193                        -2.03467                        -1.97270                        -1.93505                        -1.98356                        -1.88355                        -2.14950                                -0.84078            
2006.0  -2.36848                -1.99758                        -2.08507                        -2.18744                        -2.32522                        -2.36848                        -2.32523                        -2.22711                        -2.11729                        -2.03577                        -2.03009                        -1.93751                        -2.36422                                -0.86986            
2007.0  -2.35556                -2.04631                        -2.12327                        -2.19421                        -2.32165                        -2.35556                        -2.35460                        -2.33585                        -2.28302                        -2.21966                        -2.19742                        -2.01304                        -2.35103                                -0.91563            
2008.0  -2.14851                -1.74763                        -1.81212                        -1.87501                        -2.01181                        -2.12200                        -2.14851                        -2.09548                        -2.01274                        -1.95720                        -1.97981                        -1.81164                        -2.11794                                -0.80476            
2009.0  -2.05680                -1.84949                        -1.90211                        -1.94882                        -2.04205                        -2.05680                        -1.98997                        -1.89441                        -1.82913                        -1.79202                        -1.82760                        -1.75573                        -2.05680                                -0.80951            
2010.0  -2.20962                -2.05574                        -2.12584                        -2.16998                        -2.20962                        -2.17145                        -2.12234                        -2.06470                        -1.98964                        -1.94512                        -1.97322                        -1.86678                        -2.11709                                -0.87439            
2011.0  -2.50579                -2.17812                        -2.30652                        -2.40709                        -2.50579                        -2.49148                        -2.42621                        -2.36957                        -2.31217                        -2.23722                        -2.20528                        -2.08048                        -2.48715                                -0.91416            
2012.0  -2.15140                -1.81420                        -1.88447                        -1.94992                        -2.08164                        -2.15140                        -2.14410                        -2.08899                        -2.02442                        -1.96837                        -1.94085                        -1.80440                        -2.15140                                -0.82849            
2013.0  -2.14522                -1.87126                        -1.95099                        -2.02548                        -2.14262                        -2.14522                        -2.06106                        -1.96801                        -1.92208                        -1.88136                        -1.83835                        -1.80533                        -2.11893                                -0.84720            
2014.0  -2.29743                -1.99143                        -2.08852                        -2.18180                        -2.28511                        -2.29743                        -2.25192                        -2.17773                        -2.09838                        -2.03366                        -2.01485                        -1.92604                        -2.29743                                -0.85967            
2015.0  -2.41211                -2.03040                        -2.11774                        -2.20920                        -2.34960                        -2.41211                        -2.40248                        -2.34980                        -2.27245                        -2.18056                        -2.17619                        -2.07266                        -2.41211                                -0.91952            
2016.0  -1.96875                -1.78882                        -1.84599                        -1.88672                        -1.94400                        -1.96875                        -1.95757                        -1.93441                        -1.89866                        -1.86073                        -1.85651                        -1.71788                        -1.96875                                -0.82367            
2017.0  -2.41576                -2.03955                        -2.15335                        -2.25636                        -2.40176                        -2.41576                        -2.35319                        -2.28765                        -2.23357                        -2.17062                        -2.14699                        -1.99727                        -2.38691                                -0.92445            
2018.0  -2.01996                -1.71464                        -1.77112                        -1.84291                        -1.96790                        -2.01632                        -2.01996                        -2.00085                        -1.96225                        -1.93594                        -1.93546                        -1.73774                        -1.99957                                -0.80704            
