year    psi^min [10^11 kg/s]    psi^min(800 hPa) [10^11 kg/s]   psi^min(775 hPa) [10^11 kg/s]   psi^min(750 hPa) [10^11 kg/s]   psi^min(700 hPa) [10^11 kg/s]   psi^min(650 hPa) [10^11 kg/s]   psi^min(600 hPa) [10^11 kg/s]   psi^min(550 hPa) [10^11 kg/s]   psi^min(500 hPa) [10^11 kg/s]   psi^min(450 hPa) [10^11 kg/s]   psi^min(400 hPa) [10^11 kg/s]   <psi^min>_p [10^11 kg/s]        psi(phi^min, p^min) [10^11 kg/s]        psi_SHC [10^11 kg/s]
1979.0  -0.76995                -0.76995                        -0.76803                        -0.75446                        -0.70403                        -0.63995                        -0.57993                        -0.53315                        -0.51598                        -0.51088                        -0.50375                        -0.59045                        -0.71891                                -0.32168            
1980.0  -0.69668                -0.68200                        -0.66464                        -0.64549                        -0.60840                        -0.57391                        -0.53534                        -0.49245                        -0.46434                        -0.46290                        -0.46641                        -0.52743                        -0.55944                                -0.28123            
1981.0  -0.74092                -0.62647                        -0.59368                        -0.55449                        -0.48837                        -0.43008                        -0.38748                        -0.36588                        -0.35572                        -0.36770                        -0.38605                        -0.45761                        -0.74092                                -0.27143            
1982.0  -0.84370                -0.83606                        -0.81844                        -0.80069                        -0.76552                        -0.73531                        -0.70468                        -0.67410                        -0.64799                        -0.62979                        -0.61579                        -0.67413                        -0.35191                                -0.37665            
1983.0  -0.62652                -0.61120                        -0.60150                        -0.58921                        -0.55780                        -0.52856                        -0.52365                        -0.51955                        -0.51359                        -0.50903                        -0.50373                        -0.51836                        -0.62652                                -0.26628            
1984.0  -0.72187                -0.71964                        -0.70984                        -0.69908                        -0.69005                        -0.67023                        -0.63688                        -0.59663                        -0.55847                        -0.53377                        -0.51554                        -0.58390                        -0.50800                                -0.32146            
1985.0  -0.66074                -0.66074                        -0.66045                        -0.65397                        -0.63262                        -0.60833                        -0.57987                        -0.54545                        -0.51256                        -0.50040                        -0.50790                        -0.54585                        -0.46402                                -0.29604            
1986.0  -0.92138                -0.85729                        -0.87923                        -0.89918                        -0.92138                        -0.91423                        -0.88105                        -0.83006                        -0.77777                        -0.73276                        -0.69511                        -0.74963                        -0.59981                                -0.36018            
1987.0  -0.74228                -0.74228                        -0.74121                        -0.73134                        -0.70222                        -0.69887                        -0.69450                        -0.68657                        -0.67933                        -0.67699                        -0.66905                        -0.66578                        -0.72254                                -0.34360            
1988.0  -0.71872                -0.71872                        -0.71597                        -0.70895                        -0.69057                        -0.66675                        -0.64309                        -0.62280                        -0.62417                        -0.64009                        -0.65193                        -0.63194                        -0.57285                                -0.33828            
1989.0  -0.58874                -0.54188                        -0.53662                        -0.52694                        -0.49661                        -0.46549                        -0.43344                        -0.39679                        -0.36760                        -0.35841                        -0.37423                        -0.45171                        -0.58235                                -0.25078            
1990.0  -0.79834                -0.74083                        -0.74542                        -0.73544                        -0.69449                        -0.65989                        -0.63330                        -0.62054                        -0.61456                        -0.61294                        -0.60787                        -0.63448                        -0.79834                                -0.35677            
1991.0  -0.68600                -0.68600                        -0.68479                        -0.67823                        -0.64498                        -0.60431                        -0.57675                        -0.56465                        -0.55252                        -0.53727                        -0.51913                        -0.56116                        -0.49927                                -0.28521            
1992.0  -0.60755                -0.55638                        -0.55034                        -0.54299                        -0.52751                        -0.51230                        -0.49813                        -0.48642                        -0.47951                        -0.48291                        -0.50411                        -0.52602                        -0.51550                                -0.26940            
1993.0  -0.65793                -0.64632                        -0.64978                        -0.65490                        -0.65793                        -0.65198                        -0.64787                        -0.64963                        -0.65086                        -0.65112                        -0.65067                        -0.60794                        -0.49096                                -0.31379            
1994.0  -0.75542                -0.71252                        -0.73786                        -0.75261                        -0.75542                        -0.74021                        -0.72347                        -0.70854                        -0.69662                        -0.68099                        -0.66869                        -0.68212                        -0.45990                                -0.35315            
1995.0  -0.69178                -0.68405                        -0.67057                        -0.65508                        -0.63256                        -0.61278                        -0.59423                        -0.58660                        -0.59194                        -0.59772                        -0.60140                        -0.59780                        -0.61679                                -0.29472            
1996.0  -0.64093                -0.53786                        -0.52134                        -0.51184                        -0.50539                        -0.49426                        -0.48216                        -0.47537                        -0.47674                        -0.48407                        -0.49850                        -0.50611                        -0.64093                                -0.26519            
1997.0  -0.99825                -0.99273                        -0.99825                        -0.99447                        -0.96356                        -0.90602                        -0.84714                        -0.82027                        -0.80520                        -0.79236                        -0.78931                        -0.80511                        -0.50907                                -0.37614            
1998.0  -0.73061                -0.68768                        -0.68036                        -0.66863                        -0.63633                        -0.60945                        -0.58710                        -0.56670                        -0.53957                        -0.51719                        -0.51233                        -0.55766                        -0.71934                                -0.29028            
1999.0  -0.78284                -0.71315                        -0.63941                        -0.60773                        -0.57610                        -0.54470                        -0.51400                        -0.48853                        -0.48454                        -0.49412                        -0.52404                        -0.55309                        -0.75824                                -0.28515            
2000.0  -0.74223                -0.57158                        -0.48682                        -0.45581                        -0.40064                        -0.36693                        -0.37582                        -0.39677                        -0.42799                        -0.45870                        -0.50235                        -0.48171                        -0.74223                                -0.25980            
2001.0  -0.88530                -0.79167                        -0.77243                        -0.75349                        -0.70461                        -0.66060                        -0.63762                        -0.62438                        -0.60346                        -0.58284                        -0.57925                        -0.63408                        -0.87222                                -0.32938            
2002.0  -1.00354                -0.97283                        -0.99205                        -1.00200                        -1.00354                        -0.98381                        -0.96400                        -0.93602                        -0.89924                        -0.85283                        -0.81754                        -0.82906                        -0.71812                                -0.42694            
2003.0  -0.87199                -0.84858                        -0.84993                        -0.86113                        -0.85266                        -0.83018                        -0.80854                        -0.79840                        -0.78522                        -0.76654                        -0.74494                        -0.75336                        -0.84626                                -0.39856            
2004.0  -0.72660                -0.72660                        -0.72471                        -0.70871                        -0.65600                        -0.60601                        -0.57696                        -0.55161                        -0.53420                        -0.52110                        -0.52091                        -0.57076                        -0.70089                                -0.29644            
2005.0  -0.85166                -0.75048                        -0.67361                        -0.63154                        -0.57513                        -0.53215                        -0.51525                        -0.51323                        -0.50398                        -0.49862                        -0.49796                        -0.53763                        -0.84915                                -0.28043            
2006.0  -0.86386                -0.85988                        -0.86386                        -0.85641                        -0.81960                        -0.77761                        -0.74585                        -0.72414                        -0.72287                        -0.72564                        -0.72500                        -0.71368                        -0.75468                                -0.39552            
2007.0  -0.73414                -0.72956                        -0.71779                        -0.70099                        -0.66822                        -0.63546                        -0.60305                        -0.56512                        -0.53397                        -0.51560                        -0.51066                        -0.56879                        -0.67189                                -0.29318            
2008.0  -0.72801                -0.68890                        -0.68461                        -0.67320                        -0.63842                        -0.60032                        -0.57000                        -0.54099                        -0.50665                        -0.49015                        -0.50159                        -0.55834                        -0.72801                                -0.31498            
2009.0  -0.73377                -0.67795                        -0.66836                        -0.65194                        -0.61346                        -0.58750                        -0.56428                        -0.54708                        -0.53995                        -0.54880                        -0.56740                        -0.57523                        -0.73377                                -0.29652            
2010.0  -0.85474                -0.78383                        -0.70426                        -0.61509                        -0.54635                        -0.51554                        -0.48864                        -0.46832                        -0.45754                        -0.44879                        -0.44560                        -0.52025                        -0.82132                                -0.29207            
2011.0  -0.94767                -0.83669                        -0.78254                        -0.78070                        -0.77252                        -0.76632                        -0.76821                        -0.76472                        -0.75272                        -0.73649                        -0.71248                        -0.72346                        -0.92805                                -0.37906            
2012.0  -0.70838                -0.69574                        -0.70104                        -0.69844                        -0.68314                        -0.66765                        -0.66226                        -0.66550                        -0.66665                        -0.65935                        -0.65796                        -0.63146                        -0.70838                                -0.32403            
2013.0  -0.73734                -0.64157                        -0.64110                        -0.63384                        -0.63165                        -0.63483                        -0.64235                        -0.64787                        -0.64794                        -0.65120                        -0.65844                        -0.62035                        -0.73734                                -0.33879            
2014.0  -0.77149                -0.66916                        -0.65017                        -0.62769                        -0.59303                        -0.57587                        -0.56779                        -0.56833                        -0.57382                        -0.58653                        -0.59574                        -0.58472                        -0.77149                                -0.32775            
2015.0  -0.77241                -0.77241                        -0.77039                        -0.76153                        -0.73004                        -0.69218                        -0.66248                        -0.64562                        -0.62403                        -0.61692                        -0.63659                        -0.65088                        -0.53803                                -0.33608            
2016.0  -0.79199                -0.70611                        -0.65222                        -0.63472                        -0.64243                        -0.64055                        -0.62898                        -0.60667                        -0.58345                        -0.57519                        -0.56484                        -0.60352                        -0.77749                                -0.31636            
2017.0  -0.71544                -0.56259                        -0.55255                        -0.53878                        -0.51039                        -0.49701                        -0.50462                        -0.50847                        -0.50899                        -0.51988                        -0.54454                        -0.52256                        -0.71544                                -0.29442            
2018.0  -0.74039                -0.73833                        -0.74039                        -0.73865                        -0.72863                        -0.71675                        -0.71546                        -0.70999                        -0.69924                        -0.69030                        -0.67531                        -0.65681                        -0.64103                                -0.34324            
