year    psi^min [10^11 kg/s]    psi^min(800 hPa) [10^11 kg/s]   psi^min(775 hPa) [10^11 kg/s]   psi^min(750 hPa) [10^11 kg/s]   psi^min(700 hPa) [10^11 kg/s]   psi^min(650 hPa) [10^11 kg/s]   psi^min(600 hPa) [10^11 kg/s]   psi^min(550 hPa) [10^11 kg/s]   psi^min(500 hPa) [10^11 kg/s]   psi^min(450 hPa) [10^11 kg/s]   psi^min(400 hPa) [10^11 kg/s]   <psi^min>_p [10^11 kg/s]        psi(phi^min, p^min) [10^11 kg/s]        psi_SHC [10^11 kg/s]
1979    -2.89452                -2.29882                        -2.40980                        -2.49479                        -2.58345                        -2.55631                        -2.47818                        -2.41052                        -2.36517                        -2.32295                        -2.26682                        -2.14803                        -2.57116                                -0.94011            
1980    -2.69938                -2.27066                        -2.36135                        -2.42175                        -2.46717                        -2.44798                        -2.39385                        -2.34886                        -2.31443                        -2.26839                        -2.19186                        -2.08466                        -2.46717                                -0.90751            
1981    -2.66075                -2.00547                        -2.12079                        -2.20420                        -2.27158                        -2.23941                        -2.19523                        -2.17500                        -2.15999                        -2.12720                        -2.09272                        -1.94665                        -2.22256                                -0.86418            
1982    -2.56018                -2.04085                        -2.15696                        -2.23664                        -2.28560                        -2.22253                        -2.13166                        -2.08146                        -2.07277                        -2.07326                        -2.04963                        -1.89798                        -2.24012                                -0.85015            
1983    -2.66584                -2.08881                        -2.17511                        -2.23329                        -2.27717                        -2.24615                        -2.17469                        -2.12066                        -2.08676                        -2.04436                        -1.97833                        -1.90963                        -2.23099                                -0.76387            
1984    -2.38634                -1.99076                        -2.09019                        -2.15967                        -2.21903                        -2.20816                        -2.16421                        -2.11812                        -2.06519                        -2.00248                        -1.93346                        -1.86952                        -2.19033                                -0.83298            
1985    -2.36334                -1.82100                        -1.90332                        -1.96259                        -2.00097                        -1.96861                        -1.89570                        -1.84100                        -1.83385                        -1.87565                        -1.91550                        -1.74065                        -1.96919                                -0.77891            
1986    -2.42503                -2.05670                        -2.15606                        -2.22095                        -2.27122                        -2.21594                        -2.12651                        -2.06286                        -2.03536                        -2.04009                        -2.03667                        -1.89776                        -2.26952                                -0.82008            
1987    -2.51977                -2.03588                        -2.13243                        -2.20454                        -2.27090                        -2.25364                        -2.19554                        -2.14369                        -2.09481                        -2.04564                        -1.97624                        -1.88902                        -2.27090                                -0.84772            
1988    -2.59107                -1.97777                        -2.07272                        -2.13759                        -2.20174                        -2.20098                        -2.16897                        -2.12175                        -2.07193                        -2.03266                        -1.97025                        -1.84144                        -2.18758                                -0.83884            
1989    -2.56512                -1.86820                        -1.96042                        -2.02705                        -2.10819                        -2.09528                        -2.03722                        -1.98002                        -1.93082                        -1.89291                        -1.86655                        -1.77093                        -2.10093                                -0.82387            
1990    -2.48856                -2.03814                        -2.13700                        -2.20611                        -2.25566                        -2.20797                        -2.11649                        -2.03661                        -1.98598                        -1.95059                        -1.90932                        -1.84945                        -2.25357                                -0.83363            
1991    -2.69188                -1.86167                        -1.96764                        -2.04468                        -2.11383                        -2.09202                        -2.04477                        -2.02145                        -2.00251                        -1.96751                        -1.91501                        -1.77916                        -2.06645                                -0.77677            
1992    -2.68304                -2.08739                        -2.17868                        -2.23950                        -2.28540                        -2.24745                        -2.15811                        -2.06864                        -1.99901                        -1.94060                        -1.85819                        -1.85243                        -2.26036                                -0.79012            
1993    -2.56687                -2.10537                        -2.21036                        -2.28262                        -2.35278                        -2.32333                        -2.25101                        -2.18339                        -2.12524                        -2.05609                        -1.95661                        -1.87957                        -2.34174                                -0.81474            
1994    -2.59721                -2.04525                        -2.14170                        -2.20934                        -2.27420                        -2.26613                        -2.21429                        -2.14148                        -2.05192                        -1.95139                        -1.85308                        -1.84075                        -2.26313                                -0.82920            
1995    -2.41832                -1.92446                        -2.00747                        -2.06183                        -2.10629                        -2.06933                        -1.99443                        -1.92246                        -1.86339                        -1.82318                        -1.79645                        -1.73124                        -2.10629                                -0.78821            
1996    -2.45553                -1.98896                        -2.09117                        -2.16511                        -2.22974                        -2.19497                        -2.11724                        -2.04486                        -1.99084                        -1.96518                        -1.94854                        -1.81585                        -2.22604                                -0.78597            
1997    -2.88771                -1.93387                        -2.04893                        -2.13085                        -2.18911                        -2.12490                        -2.01278                        -1.93046                        -1.90132                        -1.92570                        -1.96646                        -1.83087                        -2.09681                                -0.77990            
1998    -2.30529                -1.93773                        -2.00017                        -2.03938                        -2.04913                        -1.99756                        -1.92466                        -1.85416                        -1.78272                        -1.69782                        -1.61090                        -1.67234                        -1.97318                                -0.74938            
1999    -2.62353                -1.84359                        -1.93706                        -2.00990                        -2.08694                        -2.08397                        -2.03751                        -1.97922                        -1.92268                        -1.87488                        -1.80546                        -1.70308                        -2.08048                                -0.74302            
2000    -2.35299                -2.00934                        -2.09866                        -2.15812                        -2.20968                        -2.17574                        -2.09966                        -2.02433                        -1.95101                        -1.88397                        -1.82353                        -1.77529                        -2.18840                                -0.78376            
2001    -2.53177                -1.94276                        -2.02580                        -2.08310                        -2.15151                        -2.15449                        -2.11149                        -2.03889                        -1.93642                        -1.82172                        -1.71635                        -1.75029                        -2.11911                                -0.80631            
2002    -2.41958                -2.18549                        -2.28778                        -2.36028                        -2.43626                        -2.43174                        -2.37701                        -2.30143                        -2.20761                        -2.10808                        -2.02507                        -1.98343                        -2.41314                                -0.87887            
2003    -2.65753                -1.62930                        -1.71383                        -1.80732                        -1.93401                        -1.95407                        -1.90243                        -1.83501                        -1.78166                        -1.76501                        -1.78598                        -1.63369                        -1.88590                                -0.74466            
2004    -2.33550                -2.17410                        -2.27391                        -2.33584                        -2.38447                        -2.34538                        -2.25119                        -2.14830                        -2.05932                        -1.98879                        -1.92267                        -1.92249                        -2.38447                                -0.88115            
2005    -2.66629                -1.95467                        -2.03688                        -2.09549                        -2.15187                        -2.12850                        -2.05041                        -1.96850                        -1.90566                        -1.85801                        -1.81432                        -1.78233                        -2.15187                                -0.74418            
2006    -2.58121                -2.27737                        -2.36942                        -2.42398                        -2.45122                        -2.39433                        -2.31251                        -2.23153                        -2.13732                        -2.03656                        -1.96163                        -1.97758                        -2.42264                                -0.88560            
2007    -2.44087                -1.96404                        -2.04778                        -2.10949                        -2.16341                        -2.12705                        -2.03802                        -1.93036                        -1.82420                        -1.74621                        -1.71914                        -1.73964                        -2.16006                                -0.78278            
2008    -2.69850                -2.23380                        -2.34881                        -2.42837                        -2.48973                        -2.42758                        -2.31158                        -2.19726                        -2.08392                        -1.97975                        -1.94302                        -1.97650                        -2.48973                                -0.82580            
2009    -2.86184                -1.90297                        -1.98351                        -2.03243                        -2.06668                        -2.03875                        -1.97557                        -1.90905                        -1.83569                        -1.76506                        -1.73516                        -1.74196                        -2.06607                                -0.78027            
2010    -2.60296                -2.06292                        -2.14387                        -2.19596                        -2.29013                        -2.27190                        -2.17201                        -2.04683                        -1.93228                        -1.86684                        -1.87156                        -1.85392                        -2.21015                                -0.84026            
2011    -2.85200                -2.11642                        -2.20381                        -2.26459                        -2.32098                        -2.28350                        -2.17230                        -2.04536                        -1.93832                        -1.88332                        -1.90054                        -1.90456                        -2.31923                                -0.78641            
2012    -2.66842                -1.85959                        -1.94679                        -2.01165                        -2.09672                        -2.09029                        -2.02634                        -1.95360                        -1.88275                        -1.83733                        -1.86741                        -1.77913                        -2.08737                                -0.76737            
2013    -2.33418                -1.84147                        -1.90183                        -1.96550                        -2.01732                        -1.96633                        -1.85953                        -1.74064                        -1.64794                        -1.62169                        -1.66970                        -1.67066                        -1.92376                                -0.79700            
2014    -2.95545                -2.27715                        -2.37700                        -2.45251                        -2.54507                        -2.50210                        -2.35174                        -2.18332                        -2.03535                        -1.93964                        -1.90214                        -1.96592                        -2.52783                                -0.84693            
2015    -2.93896                -2.25849                        -2.35885                        -2.42830                        -2.51147                        -2.49280                        -2.39375                        -2.26920                        -2.13810                        -2.01860                        -1.93481                        -2.01788                        -2.50205                                -0.88800            
2016    -2.44968                -1.84923                        -1.91254                        -1.94694                        -1.95943                        -1.91210                        -1.84647                        -1.78950                        -1.74225                        -1.70523                        -1.68541                        -1.64778                        -1.90242                                -0.76706            
2017    -2.98431                -2.10828                        -2.18313                        -2.23391                        -2.25742                        -2.21242                        -2.13278                        -2.04279                        -1.94022                        -1.82808                        -1.75386                        -1.82867                        -2.23683                                -0.81197            
2018    -2.99084                -2.28151                        -2.41910                        -2.51875                        -2.61116                        -2.57333                        -2.44403                        -2.27866                        -2.11980                        -2.01997                        -2.00634                        -2.04972                        -2.46295                                -0.88794            
