year    psi^max [10^11 kg/s]    psi^max(800 hPa) [10^11 kg/s]   psi^max(775 hPa) [10^11 kg/s]   psi^max(750 hPa) [10^11 kg/s]   psi^max(700 hPa) [10^11 kg/s]   psi^max(650 hPa) [10^11 kg/s]   psi^max(600 hPa) [10^11 kg/s]   psi^max(550 hPa) [10^11 kg/s]   psi^max(500 hPa) [10^11 kg/s]   psi^max(450 hPa) [10^11 kg/s]   psi^max(400 hPa) [10^11 kg/s]   <psi^max>_p [10^11 kg/s]        psi(phi^max, p^max) [10^11 kg/s]        psi_NHC [10^11 kg/s]
1979    1.91111                 1.86030                         1.89618                         1.91111                         1.90070                         1.84951                         1.78286                         1.73268                         1.70486                         1.68803                         1.65712                         1.62151                         1.89203                                 0.63756             
1980    1.74184                 1.63685                         1.68116                         1.71195                         1.74184                         1.73491                         1.71903                         1.71185                         1.71465                         1.71779                         1.69424                         1.55209                         1.74184                                 0.64110             
1981    1.95946                 1.85318                         1.90531                         1.93718                         1.95946                         1.94307                         1.91235                         1.88360                         1.85489                         1.82388                         1.77146                         1.67790                         1.95946                                 0.74054             
1982    2.31559                 2.18780                         2.24729                         2.28107                         2.31559                         2.29546                         2.25036                         2.21194                         2.17378                         2.11240                         2.01924                         1.97405                         2.25251                                 0.79280             
1983    1.89010                 1.78797                         1.83406                         1.86333                         1.88847                         1.89010                         1.87083                         1.85985                         1.85073                         1.84192                         1.82113                         1.69495                         1.88847                                 0.62702             
1984    2.04895                 1.97897                         2.02514                         2.04779                         2.04895                         2.00566                         1.93859                         1.86837                         1.81083                         1.77356                         1.73802                         1.72380                         2.04398                                 0.70118             
1985    1.99078                 1.90205                         1.94916                         1.97673                         1.99078                         1.95891                         1.92024                         1.88451                         1.85703                         1.83419                         1.80066                         1.72101                         1.99078                                 0.68364             
1986    2.06433                 1.99137                         2.03862                         2.06289                         2.06433                         2.02568                         1.96621                         1.90796                         1.85733                         1.81554                         1.76925                         1.73361                         2.06433                                 0.71335             
1987    1.93530                 1.86899                         1.90928                         1.93227                         1.93530                         1.90161                         1.84994                         1.80610                         1.77250                         1.73773                         1.69200                         1.65054                         1.93530                                 0.71011             
1988    2.03958                 1.89688                         1.96138                         2.00433                         2.03958                         2.02081                         1.98165                         1.94048                         1.90663                         1.88070                         1.84094                         1.74506                         2.03958                                 0.71539             
1989    1.89546                 1.68224                         1.73131                         1.77236                         1.81971                         1.83456                         1.84372                         1.86721                         1.88928                         1.89546                         1.87109                         1.66063                         1.77289                                 0.69953             
1990    1.90822                 1.82953                         1.87882                         1.90414                         1.90822                         1.87603                         1.83227                         1.78495                         1.74481                         1.69899                         1.63818                         1.60412                         1.89484                                 0.68247             
1991    2.07037                 1.92508                         1.98685                         2.02634                         2.07037                         2.05561                         2.01628                         1.97339                         1.92911                         1.87217                         1.78214                         1.73930                         2.05618                                 0.71877             
1992    1.97505                 1.90069                         1.94409                         1.96930                         1.97505                         1.93529                         1.87780                         1.81956                         1.76448                         1.72303                         1.68661                         1.67180                         1.97505                                 0.72673             
1993    2.10972                 2.05056                         2.09301                         2.10972                         2.09362                         2.02712                         1.93130                         1.83373                         1.73638                         1.65369                         1.57944                         1.67897                         2.07713                                 0.69624             
1994    2.17567                 2.11042                         2.15634                         2.17567                         2.16525                         2.11449                         2.05388                         1.99927                         1.94961                         1.89499                         1.81170                         1.79810                         2.14916                                 0.74680             
1995    1.70916                 1.66761                         1.69887                         1.70916                         1.68937                         1.64039                         1.58428                         1.53509                         1.49354                         1.47774                         1.47511                         1.44363                         1.68937                                 0.60422             
1996    1.69939                 1.66791                         1.69326                         1.69939                         1.68393                         1.64628                         1.60039                         1.55607                         1.51647                         1.48664                         1.46743                         1.45926                         1.64298                                 0.61914             
1997    2.06795                 1.91273                         1.96723                         2.01153                         2.06156                         2.06795                         2.04468                         2.02724                         2.00881                         1.97920                         1.92221                         1.76564                         1.95002                                 0.70145             
1998    1.97865                 1.89644                         1.94279                         1.96831                         1.97865                         1.95297                         1.91661                         1.88518                         1.84913                         1.79239                         1.70862                         1.68332                         1.95450                                 0.68436             
1999    1.91655                 1.85999                         1.89976                         1.91655                         1.90341                         1.84456                         1.77027                         1.71182                         1.65965                         1.60828                         1.54325                         1.56129                         1.88470                                 0.63807             
2000    1.90665                 1.84039                         1.88415                         1.90665                         1.90611                         1.85782                         1.78642                         1.71858                         1.65576                         1.60398                         1.56877                         1.58190                         1.90404                                 0.63461             
2001    1.93593                 1.85814                         1.90368                         1.92780                         1.93593                         1.90444                         1.85564                         1.80196                         1.74769                         1.68738                         1.60579                         1.59187                         1.92819                                 0.65383             
2002    2.07568                 1.98567                         2.03246                         2.05911                         2.07568                         2.04062                         1.98575                         1.92502                         1.85472                         1.77419                         1.68372                         1.67542                         2.05350                                 0.63921             
2003    2.08478                 2.00228                         2.05279                         2.07971                         2.08478                         2.04244                         1.97965                         1.91236                         1.84370                         1.78159                         1.72377                         1.72731                         2.08478                                 0.70913             
2004    1.87454                 1.84894                         1.87454                         1.87415                         1.83093                         1.75875                         1.68453                         1.62531                         1.57183                         1.52665                         1.49422                         1.53186                         1.83093                                 0.62550             
2005    2.13012                 2.04114                         2.10115                         2.13012                         2.12284                         2.05885                         1.97329                         1.89361                         1.83223                         1.78822                         1.73160                         1.73150                         2.09736                                 0.68568             
2006    2.31283                 2.23164                         2.28657                         2.31283                         2.30314                         2.23757                         2.14188                         2.05558                         1.99119                         1.92215                         1.82939                         1.85683                         2.30314                                 0.74907             
2007    2.15089                 2.04347                         2.09849                         2.13060                         2.15089                         2.11704                         2.06438                         2.02047                         1.97053                         1.90135                         1.81448                         1.78735                         2.15089                                 0.68970             
2008    1.98867                 1.94400                         1.98000                         1.98867                         1.95347                         1.87704                         1.79618                         1.71860                         1.64983                         1.58417                         1.53113                         1.60561                         1.93952                                 0.64425             
2009    2.08248                 1.93132                         1.99790                         2.04384                         2.08248                         2.06527                         2.02508                         1.99184                         1.95622                         1.90452                         1.84152                         1.76454                         2.05314                                 0.65831             
2010    1.54616                 1.50775                         1.53727                         1.54616                         1.52648                         1.47598                         1.42373                         1.39155                         1.38956                         1.40547                         1.43961                         1.36172                         1.50068                                 0.53367             
2011    2.20562                 2.08803                         2.15301                         2.19041                         2.20562                         2.15887                         2.07729                         1.99456                         1.92282                         1.86347                         1.81255                         1.79668                         2.20438                                 0.73352             
2012    2.05840                 1.97206                         2.02466                         2.05272                         2.05840                         2.01078                         1.93600                         1.86798                         1.81816                         1.78935                         1.77667                         1.73726                         2.05160                                 0.70170             
2013    2.07864                 2.02234                         2.06477                         2.07864                         2.06068                         1.99802                         1.92155                         1.86323                         1.82883                         1.81632                         1.80112                         1.74303                         2.06068                                 0.71763             
2014    2.11733                 2.03029                         2.08547                         2.11362                         2.11733                         2.06778                         1.98203                         1.89106                         1.82020                         1.77311                         1.74272                         1.74009                         2.11733                                 0.70377             
2015    2.43581                 2.26664                         2.34596                         2.40055                         2.43581                         2.38366                         2.27842                         2.16301                         2.05170                         1.95402                         1.86761                         1.91678                         2.41377                                 0.79471             
2016    2.07477                 1.99772                         2.05095                         2.07477                         2.06335                         1.99897                         1.90909                         1.80812                         1.70811                         1.61402                         1.51628                         1.61930                         2.01394                                 0.64735             
2017    2.01999                 1.97066                         2.00997                         2.01999                         1.98629                         1.90973                         1.81722                         1.71660                         1.61869                         1.53436                         1.47213                         1.57932                         1.93950                                 0.65207             
2018    2.22344                 2.09083                         2.15364                         2.19423                         2.22344                         2.19149                         2.11800                         2.02344                         1.92972                         1.84671                         1.77487                         1.80548                         2.20917                                 0.74755             
