year    psi^min [10^11 kg/s]    psi^min(800 hPa) [10^11 kg/s]   psi^min(775 hPa) [10^11 kg/s]   psi^min(750 hPa) [10^11 kg/s]   psi^min(700 hPa) [10^11 kg/s]   psi^min(650 hPa) [10^11 kg/s]   psi^min(600 hPa) [10^11 kg/s]   psi^min(550 hPa) [10^11 kg/s]   psi^min(500 hPa) [10^11 kg/s]   psi^min(450 hPa) [10^11 kg/s]   psi^min(400 hPa) [10^11 kg/s]   <psi^min>_p [10^11 kg/s]        psi(phi^min, p^min) [10^11 kg/s]        psi_SHC [10^11 kg/s]
1979    -0.62926                -0.51357                        -0.52586                        -0.54278                        -0.58074                        -0.60619                        -0.61959                        -0.62775                        -0.62926                        -0.62263                        -0.60505                        -0.54209                        -0.61964                                -0.28868            
1980    -0.86660                -0.67880                        -0.70186                        -0.72956                        -0.78488                        -0.82862                        -0.85449                        -0.86660                        -0.86250                        -0.84672                        -0.81943                        -0.73013                        -0.85615                                -0.36785            
1981    -0.63724                -0.49867                        -0.52521                        -0.55125                        -0.59405                        -0.61534                        -0.62115                        -0.62685                        -0.63344                        -0.63724                        -0.63307                        -0.55851                        -0.62596                                -0.26901            
1982    -0.80185                -0.71220                        -0.73835                        -0.75817                        -0.78471                        -0.79559                        -0.79967                        -0.80185                        -0.79975                        -0.79119                        -0.77304                        -0.70900                        -0.78046                                -0.36860            
1983    -0.94318                -0.81720                        -0.83117                        -0.84272                        -0.86823                        -0.88548                        -0.90010                        -0.92311                        -0.94249                        -0.94318                        -0.91879                        -0.83033                        -0.93455                                -0.39129            
1984    -0.87814                -0.63602                        -0.66160                        -0.68414                        -0.72504                        -0.75703                        -0.78469                        -0.82185                        -0.85984                        -0.87814                        -0.86756                        -0.71417                        -0.85984                                -0.34343            
1985    -0.66619                -0.56661                        -0.57941                        -0.59224                        -0.61827                        -0.63482                        -0.64341                        -0.65219                        -0.66146                        -0.66619                        -0.65606                        -0.58019                        -0.66146                                -0.27112            
1986    -0.85683                -0.70017                        -0.71312                        -0.72916                        -0.77255                        -0.80799                        -0.83093                        -0.84952                        -0.85683                        -0.84397                        -0.81021                        -0.71952                        -0.85683                                -0.36852            
1987    -0.75756                -0.58665                        -0.61438                        -0.63935                        -0.67928                        -0.70451                        -0.72237                        -0.74173                        -0.75662                        -0.75756                        -0.74458                        -0.65549                        -0.70533                                -0.30527            
1988    -0.68229                -0.68033                        -0.68229                        -0.68160                        -0.67984                        -0.67530                        -0.67385                        -0.67821                        -0.67971                        -0.67150                        -0.64856                        -0.61859                        -0.67113                                -0.31048            
1989    -0.88087                -0.71118                        -0.73904                        -0.76357                        -0.80268                        -0.82946                        -0.85106                        -0.87106                        -0.88087                        -0.87729                        -0.85720                        -0.74485                        -0.87062                                -0.35926            
1990    -0.90437                -0.72516                        -0.75120                        -0.77890                        -0.82926                        -0.87134                        -0.89441                        -0.90437                        -0.90086                        -0.88898                        -0.86238                        -0.75837                        -0.90060                                -0.32816            
1991    -0.68863                -0.63491                        -0.64170                        -0.64499                        -0.64471                        -0.65997                        -0.67680                        -0.68691                        -0.68863                        -0.67877                        -0.65599                        -0.60821                        -0.68273                                -0.29936            
1992    -0.84585                -0.74232                        -0.74712                        -0.74709                        -0.80089                        -0.83137                        -0.84396                        -0.84585                        -0.83644                        -0.81379                        -0.77915                        -0.74399                        -0.81097                                -0.35318            
1993    -0.81877                -0.66515                        -0.68498                        -0.70570                        -0.75341                        -0.79105                        -0.81044                        -0.81877                        -0.81626                        -0.80142                        -0.77375                        -0.70055                        -0.81626                                -0.31661            
1994    -0.73777                -0.66609                        -0.68518                        -0.69899                        -0.72045                        -0.73508                        -0.73777                        -0.73589                        -0.72682                        -0.70676                        -0.67723                        -0.64074                        -0.72682                                -0.32676            
1995    -0.77826                -0.61929                        -0.62935                        -0.64396                        -0.67808                        -0.70844                        -0.73358                        -0.76047                        -0.77826                        -0.77484                        -0.75604                        -0.65892                        -0.74805                                -0.28664            
1996    -0.74650                -0.69672                        -0.70486                        -0.70818                        -0.71440                        -0.72961                        -0.73795                        -0.74650                        -0.74438                        -0.72945                        -0.70330                        -0.65969                        -0.74352                                -0.33110            
1997    -0.81094                -0.69584                        -0.71204                        -0.72573                        -0.76073                        -0.78908                        -0.80195                        -0.80932                        -0.81094                        -0.80298                        -0.78480                        -0.71087                        -0.80701                                -0.31284            
1998    -0.85622                -0.85252                        -0.85622                        -0.85525                        -0.85216                        -0.84983                        -0.84769                        -0.84931                        -0.84138                        -0.80953                        -0.75399                        -0.75469                        -0.84138                                -0.38767            
1999    -0.89390                -0.76413                        -0.78744                        -0.80576                        -0.83783                        -0.86228                        -0.88072                        -0.89390                        -0.89065                        -0.86952                        -0.83780                        -0.75786                        -0.88344                                -0.37527            
2000    -0.94040                -0.81327                        -0.83412                        -0.85108                        -0.87680                        -0.89732                        -0.92172                        -0.94040                        -0.93726                        -0.90609                        -0.84887                        -0.78067                        -0.91792                                -0.39426            
2001    -0.78355                -0.67641                        -0.69877                        -0.71799                        -0.74693                        -0.76048                        -0.76727                        -0.77799                        -0.78355                        -0.77391                        -0.75249                        -0.67404                        -0.78184                                -0.34442            
2002    -0.73158                -0.59750                        -0.62312                        -0.64502                        -0.68613                        -0.71294                        -0.72476                        -0.73158                        -0.72656                        -0.70684                        -0.67672                        -0.62043                        -0.71508                                -0.30146            
2003    -0.70119                -0.61905                        -0.62856                        -0.63492                        -0.64549                        -0.65102                        -0.65673                        -0.68454                        -0.70119                        -0.69661                        -0.66599                        -0.59716                        -0.67913                                -0.30735            
2004    -0.73860                -0.69140                        -0.69123                        -0.68616                        -0.67697                        -0.67869                        -0.69529                        -0.72039                        -0.73860                        -0.73813                        -0.71824                        -0.64497                        -0.72015                                -0.32615            
2005    -0.51498                -0.46534                        -0.46351                        -0.45936                        -0.45261                        -0.45294                        -0.47538                        -0.50286                        -0.51498                        -0.50644                        -0.48426                        -0.44122                        -0.51297                                -0.23359            
2006    -0.72328                -0.68822                        -0.69825                        -0.70982                        -0.72085                        -0.72328                        -0.72043                        -0.72290                        -0.71835                        -0.69813                        -0.66533                        -0.63419                        -0.70626                                -0.33691            
2007    -0.78458                -0.69995                        -0.70463                        -0.70815                        -0.71901                        -0.73998                        -0.76441                        -0.78303                        -0.78458                        -0.76511                        -0.73005                        -0.66845                        -0.77666                                -0.32289            
2008    -0.76320                -0.70389                        -0.71645                        -0.72851                        -0.75112                        -0.76320                        -0.75938                        -0.74211                        -0.71991                        -0.69637                        -0.67482                        -0.65336                        -0.71675                                -0.32617            
2009    -0.82180                -0.72469                        -0.73708                        -0.74811                        -0.77001                        -0.79313                        -0.81472                        -0.82180                        -0.81317                        -0.78353                        -0.73796                        -0.69314                        -0.77700                                -0.36830            
2010    -0.78393                -0.69186                        -0.69712                        -0.70303                        -0.72707                        -0.74801                        -0.76474                        -0.77942                        -0.78393                        -0.77153                        -0.74574                        -0.68925                        -0.78393                                -0.34290            
2011    -0.70431                -0.69045                        -0.69894                        -0.70229                        -0.70431                        -0.70268                        -0.69909                        -0.69826                        -0.69234                        -0.67805                        -0.65280                        -0.62117                        -0.67650                                -0.33159            
2012    -0.89671                -0.74714                        -0.76414                        -0.78152                        -0.81305                        -0.84084                        -0.86734                        -0.89045                        -0.89670                        -0.87752                        -0.84037                        -0.75446                        -0.86490                                -0.39714            
2013    -0.87855                -0.75869                        -0.76616                        -0.77039                        -0.78233                        -0.80692                        -0.83747                        -0.86569                        -0.87855                        -0.87227                        -0.84550                        -0.75376                        -0.87855                                -0.36814            
2014    -0.73459                -0.71317                        -0.70464                        -0.69208                        -0.67579                        -0.67922                        -0.69614                        -0.71877                        -0.73414                        -0.73459                        -0.72258                        -0.66069                        -0.73414                                -0.32659            
2015    -0.73255                -0.60699                        -0.60988                        -0.61295                        -0.62816                        -0.65292                        -0.68535                        -0.71579                        -0.73255                        -0.72757                        -0.70594                        -0.62628                        -0.72612                                -0.30583            
2016    -0.82254                -0.75869                        -0.76466                        -0.76554                        -0.76889                        -0.78409                        -0.80359                        -0.81814                        -0.82254                        -0.80835                        -0.78012                        -0.73092                        -0.81424                                -0.36194            
2017    -0.86727                -0.81193                        -0.82541                        -0.83408                        -0.85012                        -0.86014                        -0.86571                        -0.86727                        -0.85603                        -0.82546                        -0.78454                        -0.75375                        -0.85603                                -0.35671            
2018    -0.58910                -0.57968                        -0.58544                        -0.58906                        -0.58910                        -0.58346                        -0.57303                        -0.56828                        -0.56282                        -0.55235                        -0.54754                        -0.52562                        -0.55168                                -0.25653            
