year    psi^max [10^11 kg/s]    psi^max(800 hPa) [10^11 kg/s]   psi^max(775 hPa) [10^11 kg/s]   psi^max(750 hPa) [10^11 kg/s]   psi^max(700 hPa) [10^11 kg/s]   psi^max(650 hPa) [10^11 kg/s]   psi^max(600 hPa) [10^11 kg/s]   psi^max(550 hPa) [10^11 kg/s]   psi^max(500 hPa) [10^11 kg/s]   psi^max(450 hPa) [10^11 kg/s]   psi^max(400 hPa) [10^11 kg/s]   <psi^max>_p [10^11 kg/s]        psi(phi^max, p^max) [10^11 kg/s]        psi_NHC [10^11 kg/s]
1979    0.57383                 0.49968                         0.51616                         0.52475                         0.53488                         0.52783                         0.52686                         0.52657                         0.53550                         0.54926                         0.57165                         0.50406                         0.56514                                 0.27752             
1980    0.69740                 0.47037                         0.49558                         0.52316                         0.57658                         0.61924                         0.65140                         0.67475                         0.69057                         0.69740                         0.69545                         0.58398                         0.66813                                 0.31406             
1981    0.63559                 0.44451                         0.45826                         0.46895                         0.47847                         0.48384                         0.50342                         0.53836                         0.57073                         0.60542                         0.63154                         0.50892                         0.63559                                 0.28143             
1982    0.78172                 0.62788                         0.65170                         0.67258                         0.70436                         0.72189                         0.73848                         0.75823                         0.77461                         0.78172                         0.77268                         0.67821                         0.74563                                 0.35265             
1983    0.75362                 0.54485                         0.55101                         0.55111                         0.59393                         0.66367                         0.71100                         0.74278                         0.75362                         0.74496                         0.73258                         0.65394                         0.68938                                 0.32754             
1984    0.63162                 0.44560                         0.45546                         0.46130                         0.46560                         0.48520                         0.55070                         0.60399                         0.62702                         0.63162                         0.62809                         0.51386                         0.61660                                 0.27065             
1985    0.63687                 0.54597                         0.57564                         0.59968                         0.62811                         0.63431                         0.63572                         0.63687                         0.62580                         0.61731                         0.61181                         0.56980                         0.58563                                 0.29633             
1986    0.48346                 0.46369                         0.46968                         0.47038                         0.46082                         0.44439                         0.43457                         0.43586                         0.44760                         0.46158                         0.46188                         0.42713                         0.36587                                 0.24003             
1987    0.59176                 0.44940                         0.46409                         0.47685                         0.49497                         0.51425                         0.53482                         0.55209                         0.57692                         0.59176                         0.57804                         0.49730                         0.53173                                 0.27572             
1988    0.59664                 0.42763                         0.45487                         0.48081                         0.52070                         0.53930                         0.54830                         0.56429                         0.58561                         0.59664                         0.58549                         0.50142                         0.56646                                 0.26719             
1989    0.82232                 0.63930                         0.67067                         0.69516                         0.72524                         0.73801                         0.75643                         0.78849                         0.81520                         0.82232                         0.80758                         0.68895                         0.77232                                 0.34681             
1990    0.69970                 0.61563                         0.64348                         0.66477                         0.68814                         0.69490                         0.69970                         0.69827                         0.68438                         0.68378                         0.67258                         0.61573                         0.65041                                 0.34271             
1991    0.95804                 0.54789                         0.58515                         0.61844                         0.69691                         0.78886                         0.86104                         0.91467                         0.94749                         0.95804                         0.93294                         0.73992                         0.88138                                 0.37896             
1992    0.56109                 0.39611                         0.39731                         0.39661                         0.38565                         0.42447                         0.48568                         0.53552                         0.56109                         0.55702                         0.53599                         0.45901                         0.51063                                 0.23836             
1993    0.57850                 0.46152                         0.47767                         0.48736                         0.49360                         0.49992                         0.55351                         0.57850                         0.57434                         0.55663                         0.54127                         0.49726                         0.53745                                 0.26337             
1994    0.74189                 0.47470                         0.48039                         0.48877                         0.53057                         0.58501                         0.64267                         0.69987                         0.73365                         0.74189                         0.72321                         0.58290                         0.68695                                 0.31189             
1995    0.59866                 0.43676                         0.44198                         0.44480                         0.44658                         0.47220                         0.49787                         0.53361                         0.56871                         0.58893                         0.59866                         0.48842                         0.59646                                 0.25904             
1996    0.56393                 0.34908                         0.36244                         0.37333                         0.38835                         0.39694                         0.43799                         0.47622                         0.49551                         0.49989                         0.49935                         0.41449                         0.50755                                 0.21523             
1997    0.59684                 0.53750                         0.54332                         0.54182                         0.53344                         0.51756                         0.53530                         0.57490                         0.59524                         0.59676                         0.58445                         0.53267                         0.58546                                 0.27318             
1998    0.53679                 0.43757                         0.42712                         0.41398                         0.40546                         0.42048                         0.43972                         0.49935                         0.53679                         0.53420                         0.48265                         0.43350                         0.41880                                 0.24448             
1999    0.46755                 0.42427                         0.42947                         0.42617                         0.41955                         0.41621                         0.42171                         0.42849                         0.42458                         0.42143                         0.41560                         0.39683                         0.40815                                 0.19477             
2000    0.56054                 0.47691                         0.50291                         0.52076                         0.54016                         0.53936                         0.55290                         0.56054                         0.54891                         0.52031                         0.48397                         0.46627                         0.39363                                 0.23683             
2001    0.45100                 0.39522                         0.41329                         0.42442                         0.43424                         0.44497                         0.45100                         0.45022                         0.43703                         0.41389                         0.39573                         0.38253                         0.37667                                 0.20705             
2002    0.58379                 0.49439                         0.51751                         0.53810                         0.56678                         0.57836                         0.58151                         0.58379                         0.57537                         0.55398                         0.54496                         0.51356                         0.53356                                 0.28976             
2003    0.65767                 0.57277                         0.58812                         0.59668                         0.59626                         0.60572                         0.61785                         0.63027                         0.64066                         0.65089                         0.65767                         0.58265                         0.63760                                 0.29091             
2004    0.67549                 0.64818                         0.66622                         0.67549                         0.67086                         0.64053                         0.59883                         0.55898                         0.52697                         0.50301                         0.49179                         0.54602                         0.48520                                 0.27592             
2005    0.67753                 0.34686                         0.36764                         0.39196                         0.44092                         0.49091                         0.54467                         0.59325                         0.62713                         0.64274                         0.64770                         0.50814                         0.64600                                 0.27019             
2006    0.65218                 0.61416                         0.63621                         0.64997                         0.65218                         0.62990                         0.60313                         0.57896                         0.55587                         0.53468                         0.52994                         0.56445                         0.57107                                 0.28303             
2007    0.70322                 0.55101                         0.56789                         0.57681                         0.57479                         0.55902                         0.54012                         0.53503                         0.57414                         0.60244                         0.62360                         0.55870                         0.66451                                 0.28079             
2008    0.62081                 0.39470                         0.41559                         0.43326                         0.45995                         0.47762                         0.49370                         0.50680                         0.52724                         0.54869                         0.57316                         0.47578                         0.59854                                 0.23496             
2009    0.68612                 0.58907                         0.60531                         0.61423                         0.63058                         0.65582                         0.66896                         0.66909                         0.67374                         0.66929                         0.66878                         0.60702                         0.67254                                 0.32817             
2010    0.72274                 0.48434                         0.50558                         0.52319                         0.54724                         0.56482                         0.60602                         0.65099                         0.68391                         0.70247                         0.70807                         0.58392                         0.68471                                 0.28749             
2011    0.66808                 0.60758                         0.61578                         0.62205                         0.63316                         0.63416                         0.63941                         0.64391                         0.64816                         0.65394                         0.66107                         0.60459                         0.64520                                 0.30297             
2012    0.71787                 0.50480                         0.53343                         0.55974                         0.60450                         0.64064                         0.67442                         0.70397                         0.71787                         0.71108                         0.69011                         0.58719                         0.62759                                 0.29530             
2013    0.65167                 0.46504                         0.47548                         0.48022                         0.47662                         0.46587                         0.46100                         0.46261                         0.50603                         0.55117                         0.58843                         0.49964                         0.62419                                 0.24646             
2014    0.83033                 0.50676                         0.52809                         0.54311                         0.56002                         0.58038                         0.62645                         0.65922                         0.67896                         0.69771                         0.73346                         0.61596                         0.78260                                 0.33569             
2015    0.78371                 0.73062                         0.75396                         0.76761                         0.78371                         0.77735                         0.77294                         0.77391                         0.76343                         0.75309                         0.75419                         0.71300                         0.76510                                 0.34394             
2016    0.70222                 0.42367                         0.42260                         0.41875                         0.41573                         0.42194                         0.45206                         0.47255                         0.49776                         0.53226                         0.57819                         0.49120                         0.64208                                 0.24810             
2017    0.66377                 0.49467                         0.49313                         0.49539                         0.49850                         0.51371                         0.54459                         0.57971                         0.59750                         0.60502                         0.61756                         0.54152                         0.64215                                 0.29777             
2018    0.74908                 0.64554                         0.67168                         0.69695                         0.73556                         0.74908                         0.74186                         0.72806                         0.71492                         0.70506                         0.68431                         0.64855                         0.63890                                 0.33713             
